{
  "description": "Selected poses exported from debug/ob_in_cam",
  "data_type": "INPUT",
  "source": "debug/ob_in_cam",
  "coordinate_frame": "camera",
  "format": "4x4 homogeneous transformation matrices",
  "count": 15,
  "usage": "Pairs with robot poses by index order",
  "frame_ids": [
    "000000",
    "000081",
    "000162",
    "000243",
    "000324",
    "000405",
    "000486",
    "000568",
    "000649",
    "000730",
    "000811",
    "000892",
    "000973",
    "001054",
    "001136"
  ],
  "poses": [
    [
      [
        0.014610711485147476,
        -0.9973928928375244,
        0.07066955417394638,
        -0.02414877898991108
      ],
      [
        -0.6923694610595703,
        -0.061083339154720306,
        -0.7189529538154602,
        -0.10942600667476654
      ],
      [
        0.7213952541351318,
        -0.03842505067586899,
        -0.6914567947387695,
        0.8451733589172363
      ],
      [
        0.0,
        0.0,
        0.0,
        1.0
      ]
    ],
    [
      [
        0.19052155315876007,
        -0.9487817883491516,
        0.2520212233066559,
        0.05873515456914902
      ],
      [
        -0.65079265832901,
        -0.3142734467983246,
        -0.6911589503288269,
        -0.08772192150354385
      ],
      [
        0.7349629402160645,
        -0.03233298659324646,
        -0.6773366928100586,
        0.8299152255058289
      ],
      [
        0.0,
        0.0,
        0.0,
        1.0
      ]
    ],
    [
      [
        0.1994868367910385,
        -0.7194516062736511,
        0.6652770638465881,
        -0.25214365124702454
      ],
      [
        -0.4718286097049713,
        -0.6655614376068115,
        -0.5782781839370728,
        0.021548133343458176
      ],
      [
        0.8588265180587769,
        -0.1985383927822113,
        -0.47222939133644104,
        0.7865734100341797
      ],
      [
        0.0,
        0.0,
        0.0,
        1.0
      ]
    ],
    [
      [
        0.3221229612827301,
        -0.7247334718704224,
        0.6090953946113586,
        -0.15788380801677704
      ],
      [
        -0.3765518069267273,
        -0.6883905529975891,
        -0.6199416518211365,
        0.004733691923320293
      ],
      [
        0.8685885667800903,
        -0.029659055173397064,
        -0.4946467876434326,
        0.9062799215316772
      ],
      [
        0.0,
        0.0,
        0.0,
        1.0
      ]
    ],
    [
      [
        0.32247430086135864,
        -0.6327059864997864,
        0.7040541768074036,
        -0.1661175936460495
      ],
      [
        -0.24670042097568512,
        -0.7742609977722168,
        -0.5828030705451965,
        0.10181081295013428
      ],
      [
        0.9138650298118591,
        0.0142479557543993,
        -0.40576863288879395,
        0.9170533418655396
      ],
      [
        0.0,
        0.0,
        0.0,
        1.0
      ]
    ],
    [
      [
        0.2471485286951065,
        -0.29019320011138916,
        0.9245022535324097,
        -0.2654515206813812
      ],
      [
        -0.06672345846891403,
        -0.9569330215454102,
        -0.28253647685050964,
        0.15712878108024597
      ],
      [
        0.9666775465011597,
        0.008141910657286644,
        -0.255867600440979,
        0.7459837794303894
      ],
      [
        0.0,
        0.0,
        0.0,
        1.0
      ]
    ],
    [
      [
        0.5300741195678711,
        -0.045733869075775146,
        0.8467167019844055,
        0.06803856045007706
      ],
      [
        -0.17198261618614197,
        -0.9835888147354126,
        0.05453963950276375,
        -0.2126503586769104
      ],
      [
        0.830327033996582,
        -0.1745314747095108,
        -0.5292409062385559,
        0.7593096494674683
      ],
      [
        0.0,
        0.0,
        0.0,
        1.0
      ]
    ],
    [
      [
        0.22844438254833221,
        -0.3166963458061218,
        0.9206053614616394,
        -0.34493011236190796
      ],
      [
        -0.1659451574087143,
        -0.9444401860237122,
        -0.28371742367744446,
        0.10022532939910889
      ],
      [
        0.9593096375465393,
        -0.08795695006847382,
        -0.26830652356147766,
        0.7967579364776611
      ],
      [
        0.0,
        0.0,
        0.0,
        1.0
      ]
    ],
    [
      [
        0.4462229907512665,
        -0.12982302904129028,
        0.8854531049728394,
        0.048602014780044556
      ],
      [
        -0.11354469507932663,
        -0.9896389245986938,
        -0.08787846565246582,
        0.12384805828332901
      ],
      [
        0.8876890540122986,
        -0.06132592633366585,
        -0.45634007453918457,
        0.7813555002212524
      ],
      [
        0.0,
        0.0,
        0.0,
        1.0
      ]
    ],
    [
      [
        0.5503873229026794,
        -0.47761279344558716,
        0.6848045587539673,
        0.32631099224090576
      ],
      [
        -0.3224714696407318,
        -0.8781744241714478,
        -0.3533020317554474,
        -0.15686851739883423
      ],
      [
        0.7701201438903809,
        -0.02637791447341442,
        -0.6373517513275146,
        0.7424018383026123
      ],
      [
        0.0,
        0.0,
        0.0,
        1.0
      ]
    ],
    [
      [
        0.5034017562866211,
        -0.2537647783756256,
        0.8259466886520386,
        0.21346551179885864
      ],
      [
        -0.24574723839759827,
        -0.9584730863571167,
        -0.14470423758029938,
        0.03831625357270241
      ],
      [
        0.8283682465553284,
        -0.13013091683387756,
        -0.5448585152626038,
        0.8167337775230408
      ],
      [
        0.0,
        0.0,
        0.0,
        1.0
      ]
    ],
    [
      [
        0.4097335934638977,
        0.4007585942745209,
        0.819458544254303,
        0.0992540493607521
      ],
      [
        -0.02944345213472843,
        -0.892048180103302,
        0.45097872614860535,
        0.21840164065361023
      ],
      [
        0.9117291569709778,
        -0.20890964567661285,
        -0.3537023961544037,
        0.9119455218315125
      ],
      [
        0.0,
        0.0,
        0.0,
        1.0
      ]
    ],
    [
      [
        0.37894511222839355,
        0.7207473516464233,
        0.5804525017738342,
        0.04822897911071777
      ],
      [
        -0.04059698060154915,
        -0.6136797070503235,
        0.7885090708732605,
        -0.06162850558757782
      ],
      [
        0.9245272874832153,
        -0.322366863489151,
        -0.20329128205776215,
        0.901827871799469
      ],
      [
        0.0,
        0.0,
        0.0,
        1.0
      ]
    ],
    [
      [
        0.376830130815506,
        0.4945063292980194,
        0.7832394242286682,
        -0.018696250393986702
      ],
      [
        -0.01693461835384369,
        -0.8417529463768005,
        0.5395949482917786,
        0.05757638067007065
      ],
      [
        0.9261265993118286,
        -0.21660010516643524,
        -0.30882400274276733,
        0.9023011326789856
      ],
      [
        0.0,
        0.0,
        0.0,
        1.0
      ]
    ],
    [
      [
        0.3867749869823456,
        0.531596839427948,
        0.7535331845283508,
        -0.02765863761305809
      ],
      [
        -0.05440482497215271,
        -0.8025488257408142,
        0.5940990447998047,
        0.01949121057987213
      ],
      [
        0.9205666780471802,
        -0.2707790434360504,
        -0.2814842462539673,
        0.9560034275054932
      ],
      [
        0.0,
        0.0,
        0.0,
        1.0
      ]
    ]
  ]
}
