{
  "description": "Selected robot end-effector poses exported from foundation_pose_data/ee_pose",
  "data_type": "INPUT",
  "coordinate_frame": "robot_base",
  "format": "4x4 homogeneous transformation matrices",
  "count": 15,
  "usage": "Input A for hand-eye calibration; pairs with camera poses by index order",
  "frame_ids": [
    "000000",
    "000081",
    "000162",
    "000243",
    "000324",
    "000405",
    "000486",
    "000568",
    "000649",
    "000730",
    "000811",
    "000892",
    "000973",
    "001054",
    "001136"
  ],
  "poses": [
    [
      [
        -0.5389367981269126,
        -0.6763270718059782,
        0.5021243068873096,
        0.42227053085979444
      ],
      [
        -0.42493391416719617,
        0.7329842472793594,
        0.5311923021193503,
        0.44286673105522506
      ],
      [
        -0.7273089413827218,
        0.07290943136975148,
        -0.6824264931859564,
        0.6845214789110989
      ],
      [
        0.0,
        0.0,
        0.0,
        1.0
      ]
    ],
    [
      [
        -0.6873201980217447,
        -0.5168709766229225,
        0.5103286577453917,
        0.46702175665270157
      ],
      [
        -0.2200870719578651,
        0.8177567636490429,
        0.5318228617342943,
        0.4123075224282311
      ],
      [
        -0.6922085134902346,
        0.2532158546203357,
        -0.6758173605498233,
        0.6700918882812966
      ],
      [
        0.0,
        0.0,
        0.0,
        1.0
      ]
    ],
    [
      [
        -0.8049552999936935,
        -0.35857612104563186,
        0.4727262743151988,
        0.481436337102134
      ],
      [
        0.15065586236056613,
        0.6470952837281483,
        0.7473757454675518,
        0.4617438071566936
      ],
      [
        -0.573890038377087,
        0.6728230519182983,
        -0.46686118349985994,
        0.7038711934136166
      ],
      [
        0.0,
        0.0,
        0.0,
        1.0
      ]
    ],
    [
      [
        -0.7578795501819917,
        -0.279099644213689,
        0.5896795536693911,
        0.33378336515237467
      ],
      [
        0.22760796661984423,
        0.7339602253391572,
        0.6399195270901425,
        0.4408661299413833
      ],
      [
        -0.6114026504253314,
        0.619197687511738,
        -0.4927281429277145,
        0.7052773078335141
      ],
      [
        0.0,
        0.0,
        0.0,
        1.0
      ]
    ],
    [
      [
        -0.714222696815465,
        -0.21529872368661054,
        0.6659822812451995,
        0.3244421945247651
      ],
      [
        0.3909948018753636,
        0.6664723935766224,
        0.6347736710881225,
        0.3958255355045116
      ],
      [
        -0.5805247662762448,
        0.7137653733399817,
        -0.39182902848148854,
        0.6813281780615692
      ],
      [
        0.0,
        0.0,
        0.0,
        1.0
      ]
    ],
    [
      [
        -0.7047941906909656,
        -0.028604134732779674,
        0.7088349259485267,
        0.4671085086184137
      ],
      [
        0.6512536527055879,
        0.37012534551929394,
        0.6624771003150602,
        0.4043539477581236
      ],
      [
        -0.2813073561176351,
        0.9285413464571246,
        -0.24223364612227943,
        0.5936594895070075
      ],
      [
        0.0,
        0.0,
        0.0,
        1.0
      ]
    ],
    [
      [
        -0.8178607717856456,
        0.34116862326436215,
        0.463365653101399,
        0.37985648951807915
      ],
      [
        0.5721328277641516,
        0.39624703507856285,
        0.718089350001824,
        0.4433522876139465
      ],
      [
        0.06138228872225174,
        0.8524038114012313,
        -0.5192686750997698,
        0.5132120937178161
      ],
      [
        0.0,
        0.0,
        0.0,
        1.0
      ]
    ],
    [
      [
        -0.7674865136642455,
        -0.06378211178548004,
        0.6378842320983369,
        0.44961660300748
      ],
      [
        0.5757714135015042,
        0.36892847312697125,
        0.7296431052992141,
        0.38085825255466127
      ],
      [
        -0.2818718338855094,
        0.9272667490708295,
        -0.24642371097285592,
        0.6677738275199998
      ],
      [
        0.0,
        0.0,
        0.0,
        1.0
      ]
    ],
    [
      [
        -0.7611586868923417,
        0.23388970109132762,
        0.6049240126592206,
        0.5185445949356522
      ],
      [
        0.6421075799573916,
        0.40305707325991996,
        0.6521064724846756,
        0.2946269631784448
      ],
      [
        -0.09129791415791155,
        0.8847828001371604,
        -0.4569727425699018,
        0.48003923069399385
      ],
      [
        0.0,
        0.0,
        0.0,
        1.0
      ]
    ],
    [
      [
        -0.849882818908718,
        0.046087868101332946,
        0.5249524764563386,
        0.3807548125447797
      ],
      [
        0.39149475102179565,
        0.7220418289063382,
        0.5704274338002775,
        0.3175890544043674
      ],
      [
        -0.3527478618590776,
        0.6903126144895961,
        -0.6316941033683825,
        0.36833687481351896
      ],
      [
        0.0,
        0.0,
        0.0,
        1.0
      ]
    ],
    [
      [
        -0.8484053677219336,
        0.18069910487510538,
        0.497550163820639,
        0.5114917687095422
      ],
      [
        0.5095784060125272,
        0.5332679519054726,
        0.6752445035661327,
        0.21474745971329856
      ],
      [
        -0.1433114794646296,
        0.8264218807412331,
        -0.5445077546608319,
        0.44068741312549586
      ],
      [
        0.0,
        0.0,
        0.0,
        1.0
      ]
    ],
    [
      [
        -0.6349677931840685,
        0.5733465349480373,
        0.5177737464202204,
        0.5327288771125361
      ],
      [
        0.6300851935293217,
        -0.0034482008874464065,
        0.7765183570307626,
        0.037949129088108116
      ],
      [
        0.4469994972190338,
        0.8193057187483292,
        -0.3590676659241434,
        0.28890237362173693
      ],
      [
        0.0,
        0.0,
        0.0,
        1.0
      ]
    ],
    [
      [
        -0.45257294182333935,
        0.7693134515399753,
        0.4509263194902424,
        0.46096399767889085
      ],
      [
        0.40797974031332984,
        -0.27101402837317845,
        0.8718393934199165,
        0.12025770118708337
      ],
      [
        0.7929251312849366,
        0.5785397218036026,
        -0.19121068608258746,
        0.30846472585311285
      ],
      [
        0.0,
        0.0,
        0.0,
        1.0
      ]
    ],
    [
      [
        -0.6009564445227535,
        0.6110243010601175,
        0.5152675570037026,
        0.5039210930059234
      ],
      [
        0.5891889576948264,
        -0.09696509186639835,
        0.8021559343979345,
        0.11972956631167572
      ],
      [
        0.5400997351573626,
        0.7856507331335816,
        -0.30173697421696777,
        0.3880177957390784
      ],
      [
        0.0,
        0.0,
        0.0,
        1.0
      ]
    ],
    [
      [
        -0.6036408177214243,
        0.6448364285274332,
        0.46883231930466607,
        0.5109583084846311
      ],
      [
        0.5315392514369576,
        -0.11277647714651667,
        0.8394924004327006,
        0.0574866612967687
      ],
      [
        0.5942085386145562,
        0.7559546591207725,
        -0.2746793876342885,
        0.4004034140834134
      ],
      [
        0.0,
        0.0,
        0.0,
        1.0
      ]
    ]
  ]
}
