{
  "description": "Camera poses in robot base frame (with correct scale)",
  "data_type": "GROUND TRUTH - For verification",
  "source": "DUST3R + scale optimization",
  "coordinate_frame": "robot_base",
  "format": "4x4 homogeneous transformation matrices",
  "count": 15,
  "usage": "Verify calibration by comparing: camera_poses_scaled vs robot_poses @ X",
  "poses": [
    [
      [
        0.4868871569633484,
        -0.6001601815223694,
        0.6343127489089966,
        -0.11906716227531433
      ],
      [
        -0.8605021238327026,
        -0.45337975025177,
        0.2315768301486969,
        -0.2489156574010849
      ],
      [
        0.14864081144332886,
        -0.6587681174278259,
        -0.7372406125068665,
        0.41993647813796997
      ],
      [
        0.0,
        0.0,
        0.0,
        1.0
      ]
    ],
    [
      [
        -0.4567401707172394,
        -0.5236586332321167,
        0.718869686126709,
        -0.09155973792076111
      ],
      [
        -0.5635346174240112,
        0.7956069707870483,
        0.22154614329338074,
        -0.0781041830778122
      ],
      [
        -0.6881367564201355,
        -0.3039913475513458,
        -0.6585210561752319,
        0.3152613043785095
      ],
      [
        0.0,
        0.0,
        0.0,
        1.0
      ]
    ],
    [
      [
        0.2684875726699829,
        -0.7993953227996826,
        0.5371086001396179,
        0.03287287428975105
      ],
      [
        -0.8474856019020081,
        0.06875166296958923,
        0.5260096788406372,
        -0.42317885160446167
      ],
      [
        -0.45750224590301514,
        -0.5965961217880249,
        -0.6590583920478821,
        0.34674397110939026
      ],
      [
        0.0,
        0.0,
        0.0,
        1.0
      ]
    ],
    [
      [
        -0.4783840775489807,
        -0.6739891767501831,
        0.5625752806663513,
        -0.07653658092021942
      ],
      [
        -0.8730185627937317,
        0.4330309331417084,
        -0.22353403270244598,
        0.2395356446504593
      ],
      [
        -0.09304887056350708,
        -0.5982252359390259,
        -0.7956516146659851,
        0.41686922311782837
      ],
      [
        0.0,
        0.0,
        0.0,
        1.0
      ]
    ],
    [
      [
        -0.48249247670173645,
        -0.6659958958625793,
        0.5685545802116394,
        -0.019190143793821335
      ],
      [
        -0.8709960579872131,
        0.43220219016075134,
        -0.23283417522907257,
        0.23739750683307648
      ],
      [
        -0.0907597541809082,
        -0.6077019572257996,
        -0.7887040376663208,
        0.40210404992103577
      ],
      [
        0.0,
        0.0,
        0.0,
        1.0
      ]
    ],
    [
      [
        -0.4818252921104431,
        -0.66701740026474,
        0.5679224133491516,
        0.02580062672495842
      ],
      [
        -0.8709717392921448,
        0.4345504343509674,
        -0.22851406037807465,
        0.2390262633562088
      ],
      [
        -0.0944644883275032,
        -0.6049003005027771,
        -0.7904208898544312,
        0.41469958424568176
      ],
      [
        0.0,
        0.0,
        0.0,
        1.0
      ]
    ],
    [
      [
        0.5149263143539429,
        -0.4750508666038513,
        0.713289201259613,
        -0.11883686482906342
      ],
      [
        -0.46702277660369873,
        -0.8532992005348206,
        -0.23111671209335327,
        0.08054284751415253
      ],
      [
        0.718596875667572,
        -0.21422991156578064,
        -0.6612997055053711,
        0.32079726457595825
      ],
      [
        0.0,
        0.0,
        0.0,
        1.0
      ]
    ],
    [
      [
        -0.2327089011669159,
        -0.8350371718406677,
        0.49815934896469116,
        0.025409113615751266
      ],
      [
        -0.7664536237716675,
        -0.15771083533763885,
        -0.6223506927490234,
        0.4192645847797394
      ],
      [
        0.5983023047447205,
        -0.5268202424049377,
        -0.6033965945243835,
        0.36862266063690186
      ],
      [
        0.0,
        0.0,
        0.0,
        1.0
      ]
    ],
    [
      [
        0.5264055728912354,
        -0.6907332539558411,
        0.4953668713569641,
        0.18230293691158295
      ],
      [
        -0.8385997414588928,
        -0.3269287645816803,
        0.435330331325531,
        -0.3712061047554016
      ],
      [
        -0.13875281810760498,
        -0.644765317440033,
        -0.7514107823371887,
        0.3990952670574188
      ],
      [
        0.0,
        0.0,
        0.0,
        1.0
      ]
    ],
    [
      [
        0.7052412629127502,
        -0.438396692276001,
        0.5568183660507202,
        0.22017492353916168
      ],
      [
        -0.6692910194396973,
        -0.6702936887741089,
        0.3200007975101471,
        -0.24084781110286713
      ],
      [
        0.23302707076072693,
        -0.5985226631164551,
        -0.7661997079849243,
        0.4598655104637146
      ],
      [
        0.0,
        0.0,
        0.0,
        1.0
      ]
    ],
    [
      [
        -0.1848156750202179,
        -0.9395806789398193,
        0.2874628007411957,
        0.2651699483394623
      ],
      [
        -0.1924157589673996,
        0.32143086194992065,
        0.9269858598709106,
        -0.47420257329940796
      ],
      [
        -0.9635688066482544,
        0.11595076322555542,
        -0.24017350375652313,
        0.1426522433757782
      ],
      [
        0.0,
        0.0,
        0.0,
        1.0
      ]
    ],
    [
      [
        0.2861632704734802,
        -0.9101388454437256,
        0.29893434047698975,
        0.24758578836917877
      ],
      [
        -0.15178801119327545,
        -0.3511541187763214,
        -0.9237401485443115,
        0.49459731578826904
      ],
      [
        0.9458886384963989,
        0.2189020812511444,
        -0.23868340253829956,
        0.13579466938972473
      ],
      [
        0.0,
        0.0,
        0.0,
        1.0
      ]
    ],
    [
      [
        0.4348854720592499,
        -0.583207905292511,
        0.6858185529708862,
        0.02722807601094246
      ],
      [
        -0.7863518595695496,
        -0.6169451475143433,
        -0.025967568159103394,
        0.010002776980400085
      ],
      [
        0.43834418058395386,
        -0.5281728506088257,
        -0.7269670367240906,
        0.3457959294319153
      ],
      [
        0.0,
        0.0,
        0.0,
        1.0
      ]
    ],
    [
      [
        -0.23017725348472595,
        -0.7592666745185852,
        0.6083881855010986,
        0.053456682711839676
      ],
      [
        -0.9694532155990601,
        0.23207512497901917,
        -0.07711184024810791,
        0.07255183160305023
      ],
      [
        -0.08271714299917221,
        -0.6077223420143127,
        -0.7895721793174744,
        0.46259424090385437
      ],
      [
        0.0,
        0.0,
        0.0,
        1.0
      ]
    ],
    [
      [
        -0.509284496307373,
        -0.6133996248245239,
        0.6033024191856384,
        -0.04107610508799553
      ],
      [
        -0.8601579070091248,
        0.37955936789512634,
        -0.34015822410583496,
        0.2353089600801468
      ],
      [
        -0.02042202465236187,
        -0.6923365592956543,
        -0.7210033535957336,
        0.4200535714626312
      ],
      [
        0.0,
        0.0,
        0.0,
        1.0
      ]
    ]
  ]
}