{
  "description": "Camera relative motion without scale (raw DUST3R output)",
  "data_type": "INPUT - From vision (scale ambiguous)",
  "source": "DUST3R (scale ambiguity not resolved)",
  "coordinate_frame": "camera_frame (unscaled)",
  "format": "4x4 homogeneous transformation matrices",
  "count": 15,
  "usage": "Input B for hand-eye calibration: AX = sXB (needs scale s)",
  "note": "These poses need scale factor to be used in robot base frame",
  "poses": [
    [
      [
        0.40765079855918884,
        0.7809525728225708,
        -0.47321683168411255,
        0.17143478989601135
      ],
      [
        -0.7570810317993164,
        0.578801155090332,
        0.30301445722579956,
        -0.05622812733054161
      ],
      [
        0.5105382800102234,
        0.23473937809467316,
        0.827193021774292,
        0.06352180242538452
      ],
      [
        0.0,
        0.0,
        0.0,
        1.0
      ]
    ],
    [
      [
        0.6733354330062866,
        -0.46960872411727905,
        -0.5710402727127075,
        0.12938301265239716
      ],
      [
        0.5700960755348206,
        0.821570873260498,
        -0.0034165233373641968,
        -0.015007028356194496
      ],
      [
        0.4707545042037964,
        -0.32324737310409546,
        0.8209149241447449,
        0.04508053511381149
      ],
      [
        0.0,
        0.0,
        0.0,
        1.0
      ]
    ],
    [
      [
        0.6018620729446411,
        0.35294193029403687,
        -0.7163755297660828,
        0.21822284162044525
      ],
      [
        -0.15285255014896393,
        0.9313660860061646,
        0.33044397830963135,
        -0.09893044829368591
      ],
      [
        0.7838354706764221,
        -0.0893818587064743,
        0.6145020723342896,
        0.12440332025289536
      ],
      [
        0.0,
        0.0,
        0.0,
        1.0
      ]
    ],
    [
      [
        0.9968370199203491,
        -0.025087790563702583,
        -0.0754089206457138,
        0.004871036857366562
      ],
      [
        0.03494550287723541,
        0.9905812740325928,
        0.13239116966724396,
        0.009883743710815907
      ],
      [
        0.07137726247310638,
        -0.13460762798786163,
        0.9883248209953308,
        -0.005184960085898638
      ],
      [
        0.0,
        0.0,
        0.0,
        1.0
      ]
    ],
    [
      [
        0.9967350959777832,
        -0.02969205006957054,
        -0.07508502155542374,
        -0.004131584893912077
      ],
      [
        0.03850175067782402,
        0.9921777248382568,
        0.11874881386756897,
        -0.0014928224263712764
      ],
      [
        0.07097177952528,
        -0.12125200033187866,
        0.9900814294815063,
        0.0030151980463415384
      ],
      [
        0.0,
        0.0,
        0.0,
        1.0
      ]
    ],
    [
      [
        0.9965518116950989,
        -0.031504057347774506,
        -0.0767577663064003,
        -0.014234991744160652
      ],
      [
        0.04047580808401108,
        0.9921541810035706,
        0.11828581988811493,
        -0.014868194237351418
      ],
      [
        0.07242906838655472,
        -0.12098479270935059,
        0.9900083541870117,
        0.011356411501765251
      ],
      [
        0.0,
        0.0,
        0.0,
        1.0
      ]
    ],
    [
      [
        0.1348859667778015,
        0.9788590669631958,
        -0.1537550538778305,
        0.07141709327697754
      ],
      [
        -0.9897679090499878,
        0.12581801414489746,
        -0.06729990243911743,
        0.025771504268050194
      ],
      [
        -0.046531956642866135,
        0.16125963628292084,
        0.9858144521713257,
        0.024860866367816925
      ],
      [
        0.0,
        0.0,
        0.0,
        1.0
      ]
    ],
    [
      [
        0.7687974572181702,
        0.5659817457199097,
        0.29768285155296326,
        -0.07793797552585602
      ],
      [
        -0.5604418516159058,
        0.8205018639564514,
        -0.11261246353387833,
        0.025294732302427292
      ],
      [
        -0.30798593163490295,
        -0.08025776594877243,
        0.9479996562004089,
        0.003237484022974968
      ],
      [
        0.0,
        0.0,
        0.0,
        1.0
      ]
    ],
    [
      [
        -0.025350093841552734,
        0.7663224935531616,
        0.6419556736946106,
        -0.14503423869609833
      ],
      [
        -0.88880455493927,
        0.27666062116622925,
        -0.3653562366962433,
        0.04919680580496788
      ],
      [
        -0.45758458971977234,
        -0.5798349380493164,
        0.6740976572036743,
        0.11427275091409683
      ],
      [
        0.0,
        0.0,
        0.0,
        1.0
      ]
    ],
    [
      [
        0.4359172284603119,
        0.7618517279624939,
        0.47912222146987915,
        -0.12876415252685547
      ],
      [
        -0.8930866122245789,
        0.431977242231369,
        0.12566575407981873,
        -0.06597056239843369
      ],
      [
        -0.11123120784759521,
        -0.48267754912376404,
        0.8687059283256531,
        0.11380776017904282
      ],
      [
        0.0,
        0.0,
        0.0,
        1.0
      ]
    ],
    [
      [
        0.2721065282821655,
        0.187239408493042,
        -0.943874716758728,
        0.18275900185108185
      ],
      [
        0.7197332978248596,
        0.6114599704742432,
        0.32878679037094116,
        -0.10062790662050247
      ],
      [
        0.638703465461731,
        -0.768803060054779,
        0.03161981701850891,
        0.2499207854270935
      ],
      [
        0.0,
        0.0,
        0.0,
        1.0
      ]
    ],
    [
      [
        0.19979538023471832,
        0.23287273943424225,
        -0.9517624378204346,
        0.1752842515707016
      ],
      [
        0.7308441996574402,
        0.6115741729736328,
        0.3030569553375244,
        -0.12643392384052277
      ],
      [
        0.6526471376419067,
        -0.7561395168304443,
        -0.048003971576690674,
        0.26124873757362366
      ],
      [
        0.0,
        0.0,
        0.0,
        1.0
      ]
    ],
    [
      [
        0.45104584097862244,
        0.8402583599090576,
        -0.30087172985076904,
        0.06254301965236664
      ],
      [
        -0.8664292097091675,
        0.49312514066696167,
        0.07828327268362045,
        -0.028515907004475594
      ],
      [
        0.21414554119110107,
        0.22537466883659363,
        0.9504462480545044,
        0.07016385346651077
      ],
      [
        0.0,
        0.0,
        0.0,
        1.0
      ]
    ],
    [
      [
        0.955115795135498,
        0.19358235597610474,
        -0.2242322713136673,
        0.035916734486818314
      ],
      [
        -0.16266363859176636,
        0.9753421545028687,
        0.1491597294807434,
        -0.05850062891840935
      ],
      [
        0.24757783114910126,
        -0.10599035024642944,
        0.9630533456802368,
        0.03380848839879036
      ],
      [
        0.0,
        0.0,
        0.0,
        1.0
      ]
    ],
    [
      [
        0.999973475933075,
        -0.007270399946719408,
        0.0005984689923934639,
        0.0
      ],
      [
        0.007265307474881411,
        0.9999407529830933,
        0.008111388422548771,
        0.0
      ],
      [
        -0.0006574065773747861,
        -0.008106824941933155,
        0.9999669790267944,
        0.0
      ],
      [
        0.0,
        0.0,
        0.0,
        1.0
      ]
    ]
  ]
}