{
  "description": "Robot end-effector poses in robot base frame",
  "data_type": "INPUT - Known from robot",
  "coordinate_frame": "robot_base",
  "format": "4x4 homogeneous transformation matrices",
  "count": 15,
  "usage": "Input A for hand-eye calibration: AX = sXB",
  "poses": [
    [
      [
        0.6693226099014282,
        0.5264227390289307,
        0.5242960453033447,
        -0.11100000143051147
      ],
      [
        0.4910951554775238,
        -0.8430020809173584,
        0.2194836139678955,
        -0.26339998841285706
      ],
      [
        0.5575238466262817,
        0.1105739027261734,
        -0.822763979434967,
        0.48500001430511475
      ],
      [
        0.0,
        0.0,
        0.0,
        1.0
      ]
    ],
    [
      [
        0.48251861333847046,
        -0.42891716957092285,
        0.7636791467666626,
        -0.19794000685214996
      ],
      [
        -0.8354620337486267,
        -0.4872022271156311,
        0.25423842668533325,
        -0.12522000074386597
      ],
      [
        0.263018935918808,
        -0.7606996893882751,
        -0.5934281349182129,
        0.42122000455856323
      ],
      [
        0.0,
        0.0,
        0.0,
        1.0
      ]
    ],
    [
      [
        0.85373854637146,
        0.22787447273731232,
        0.4681920111179352,
        -0.0007399999885819852
      ],
      [
        -0.0753837525844574,
        -0.8355923891067505,
        0.5441531538963318,
        -0.4934200048446655
      ],
      [
        0.5152162909507751,
        -0.4998585879802704,
        -0.696199357509613,
        0.42816999554634094
      ],
      [
        0.0,
        0.0,
        0.0,
        1.0
      ]
    ],
    [
      [
        0.6693226099014282,
        -0.5264227390289307,
        0.5242960453033447,
        -0.11100000143051147
      ],
      [
        -0.4910951554775238,
        -0.8430020809173584,
        -0.2194836139678955,
        0.26339998841285706
      ],
      [
        0.5575238466262817,
        -0.1105739027261734,
        -0.822763979434967,
        0.48500001430511475
      ],
      [
        0.0,
        0.0,
        0.0,
        1.0
      ]
    ],
    [
      [
        0.6693226099014282,
        -0.5264227390289307,
        0.5242960453033447,
        -0.061000000685453415
      ],
      [
        -0.4910951554775238,
        -0.8430020809173584,
        -0.2194836139678955,
        0.26339998841285706
      ],
      [
        0.5575238466262817,
        -0.1105739027261734,
        -0.822763979434967,
        0.48500001430511475
      ],
      [
        0.0,
        0.0,
        0.0,
        1.0
      ]
    ],
    [
      [
        0.6693226099014282,
        -0.5264227390289307,
        0.5242960453033447,
        -0.010999999940395355
      ],
      [
        -0.4910951554775238,
        -0.8430020809173584,
        -0.2194836139678955,
        0.26339998841285706
      ],
      [
        0.5575238466262817,
        -0.1105739027261734,
        -0.822763979434967,
        0.48500001430511475
      ],
      [
        0.0,
        0.0,
        0.0,
        1.0
      ]
    ],
    [
      [
        0.5287911891937256,
        0.4698745310306549,
        0.7068223357200623,
        -0.2111700028181076
      ],
      [
        0.8146278262138367,
        -0.514735221862793,
        -0.26726242899894714,
        0.12188000231981277
      ],
      [
        0.23824653029441833,
        0.7171231508255005,
        -0.6549602746963501,
        0.4112499952316284
      ],
      [
        0.0,
        0.0,
        0.0,
        1.0
      ]
    ],
    [
      [
        0.8503029346466064,
        -0.29025790095329285,
        0.4390162527561188,
        -0.0010100000072270632
      ],
      [
        0.07197927683591843,
        -0.7621906399726868,
        -0.6433385014533997,
        0.49277999997138977
      ],
      [
        0.5213481187820435,
        0.578632652759552,
        -0.6272003650665283,
        0.4295800030231476
      ],
      [
        0.0,
        0.0,
        0.0,
        1.0
      ]
    ],
    [
      [
        0.9458357691764832,
        0.234002023935318,
        0.22502835094928741,
        0.25600001215934753
      ],
      [
        0.2714672386646271,
        -0.18993212282657623,
        -0.943520724773407,
        0.5694000124931335
      ],
      [
        -0.17804564535617828,
        0.953503429889679,
        -0.24316847324371338,
        0.15700000524520874
      ],
      [
        0.0,
        0.0,
        0.0,
        1.0
      ]
    ],
    [
      [
        0.9743328094482422,
        0.1846948266029358,
        0.12869876623153687,
        0.4030500054359436
      ],
      [
        0.21781836450099945,
        -0.6291432976722717,
        -0.746146023273468,
        0.46292999386787415
      ],
      [
        -0.05683934688568115,
        0.7550275325775146,
        -0.6532248854637146,
        0.37193000316619873
      ],
      [
        0.0,
        0.0,
        0.0,
        1.0
      ]
    ],
    [
      [
        0.9458357691764832,
        -0.234002023935318,
        0.22502835094928741,
        0.25600001215934753
      ],
      [
        -0.2714672386646271,
        -0.18993212282657623,
        0.943520724773407,
        -0.5694000124931335
      ],
      [
        -0.17804564535617828,
        -0.953503429889679,
        -0.24316847324371338,
        0.15700000524520874
      ],
      [
        0.0,
        0.0,
        0.0,
        1.0
      ]
    ],
    [
      [
        0.9604120254516602,
        -0.20439985394477844,
        0.18928661942481995,
        0.32600000500679016
      ],
      [
        -0.21426261961460114,
        -0.10771764069795609,
        0.9708184599876404,
        -0.5644999742507935
      ],
      [
        -0.17804564535617828,
        -0.9729427695274353,
        -0.14724856615066528,
        0.1535000056028366
      ],
      [
        0.0,
        0.0,
        0.0,
        1.0
      ]
    ],
    [
      [
        0.6451104283332825,
        0.3992689549922943,
        0.651472806930542,
        -0.031050000339746475
      ],
      [
        0.5665251016616821,
        -0.8220584988594055,
        -0.05717628449201584,
        0.023110000416636467
      ],
      [
        0.5127200484275818,
        0.40596070885658264,
        -0.7565143704414368,
        0.4360400140285492
      ],
      [
        0.0,
        0.0,
        0.0,
        1.0
      ]
    ],
    [
      [
        0.7854921817779541,
        -0.27499082684516907,
        0.5544204711914062,
        0.0047900001518428326
      ],
      [
        -0.286184161901474,
        -0.9557177424430847,
        -0.06857282668352127,
        0.08197999745607376
      ],
      [
        0.5487263798713684,
        -0.1048029288649559,
        -0.8294068574905396,
        0.5542500019073486
      ],
      [
        0.0,
        0.0,
        0.0,
        1.0
      ]
    ],
    [
      [
        0.6217170357704163,
        -0.5541948676109314,
        0.5534762740135193,
        -0.06853999942541122
      ],
      [
        -0.4519617557525635,
        -0.8309736251831055,
        -0.32436618208885193,
        0.2639099955558777
      ],
      [
        0.6396862268447876,
        -0.048486143350601196,
        -0.7671053409576416,
        0.4830299913883209
      ],
      [
        0.0,
        0.0,
        0.0,
        1.0
      ]
    ]
  ]
}