{
  "description": "Camera poses in robot base frame (with correct scale)",
  "data_type": "GROUND TRUTH - For verification",
  "source": "DUST3R + scale optimization",
  "coordinate_frame": "robot_base",
  "format": "4x4 homogeneous transformation matrices",
  "count": 15,
  "usage": "Verify calibration by comparing: camera_poses_scaled vs robot_poses @ X",
  "poses": [
    [
      [
        0.5697212815284729,
        -0.603897213935852,
        0.5571610927581787,
        -0.0032124947756528854
      ],
      [
        -0.8061045408248901,
        -0.5410749912261963,
        0.23781070113182068,
        -0.2115456908941269
      ],
      [
        0.15805289149284363,
        -0.5848222970962524,
        -0.7951508164405823,
        0.3456431031227112
      ],
      [
        0.0,
        0.0,
        0.0,
        1.0
      ]
    ],
    [
      [
        -0.4004693925380707,
        -0.4637800455093384,
        0.7900852560997009,
        -0.03740772604942322
      ],
      [
        -0.532020092010498,
        0.819401204586029,
        0.21132120490074158,
        -0.0824768990278244
      ],
      [
        -0.7456068992614746,
        -0.33593350648880005,
        -0.5748751759529114,
        0.31223636865615845
      ],
      [
        0.0,
        0.0,
        0.0,
        1.0
      ]
    ],
    [
      [
        0.26892730593681335,
        -0.8020877838134766,
        0.5329499244689941,
        0.08545604348182678
      ],
      [
        -0.8442054986953735,
        0.06955299526453018,
        0.5306597948074341,
        -0.38333576917648315
      ],
      [
        -0.46269524097442627,
        -0.5929170250892639,
        -0.6585019826889038,
        0.3135429620742798
      ],
      [
        0.0,
        0.0,
        0.0,
        1.0
      ]
    ],
    [
      [
        -0.4792832136154175,
        -0.675757884979248,
        0.559768795967102,
        -5.9494748711586e-05
      ],
      [
        -0.8724660277366638,
        0.43337753415107727,
        -0.2238466590642929,
        0.21633756160736084
      ],
      [
        -0.09137600660324097,
        -0.595956027507782,
        -0.7973388433456421,
        0.357977032661438
      ],
      [
        0.0,
        0.0,
        0.0,
        1.0
      ]
    ],
    [
      [
        -0.4816558063030243,
        -0.6662721633911133,
        0.5690269470214844,
        0.036743998527526855
      ],
      [
        -0.8709264993667603,
        0.43337807059288025,
        -0.22976326942443848,
        0.21806128323078156
      ],
      [
        -0.09357088804244995,
        -0.6065386533737183,
        -0.7890614867210388,
        0.36297497153282166
      ],
      [
        0.0,
        0.0,
        0.0,
        1.0
      ]
    ],
    [
      [
        -0.48188287019729614,
        -0.6651833057403564,
        0.5701071619987488,
        0.07770483195781708
      ],
      [
        -0.8705375790596008,
        0.4348430633544922,
        -0.22846446931362152,
        0.220152348279953
      ],
      [
        -0.09598900377750397,
        -0.6066840887069702,
        -0.788658857345581,
        0.37090545892715454
      ],
      [
        0.0,
        0.0,
        0.0,
        1.0
      ]
    ],
    [
      [
        0.5095362663269043,
        -0.47102993726730347,
        0.7198652625083923,
        -0.05555623769760132
      ],
      [
        -0.46598848700523376,
        -0.8541165590286255,
        -0.22904133796691895,
        0.07825466990470886
      ],
      [
        0.7230233550071716,
        -0.21882271766662598,
        -0.6546879410743713,
        0.28292322158813477
      ],
      [
        0.0,
        0.0,
        0.0,
        1.0
      ]
    ],
    [
      [
        -0.2315826117992401,
        -0.8358340859413147,
        0.49744677543640137,
        0.08330733329057693
      ],
      [
        -0.7656257748603821,
        -0.1584961861371994,
        -0.6227490901947021,
        0.38220328092575073
      ],
      [
        0.5994993448257446,
        -0.5253404974937439,
        -0.6032249927520752,
        0.3234694004058838
      ],
      [
        0.0,
        0.0,
        0.0,
        1.0
      ]
    ],
    [
      [
        0.2776099145412445,
        -0.9084963798522949,
        0.31188005208969116,
        0.27711033821105957
      ],
      [
        -0.14980432391166687,
        -0.36152392625808716,
        -0.9197714328765869,
        0.44650864601135254
      ],
      [
        0.9486334323883057,
        0.20851369202136993,
        -0.23638731241226196,
        0.11159306764602661
      ],
      [
        0.0,
        0.0,
        0.0,
        1.0
      ]
    ],
    [
      [
        0.2594720125198364,
        -0.9420418739318848,
        0.2119758129119873,
        0.41549885272979736
      ],
      [
        -0.6681798100471497,
        -0.3335365951061249,
        -0.664386510848999,
        0.3206346929073334
      ],
      [
        0.6968311667442322,
        0.030601322650909424,
        -0.7160671949386597,
        0.2914109230041504
      ],
      [
        0.0,
        0.0,
        0.0,
        1.0
      ]
    ],
    [
      [
        -0.18777745962142944,
        -0.9373791217803955,
        0.2928522229194641,
        0.2984263598918915
      ],
      [
        -0.18764954805374146,
        0.32682546973228455,
        0.9257933497428894,
        -0.4121297001838684
      ],
      [
        -0.9637656807899475,
        0.11871325969696045,
        -0.23733004927635193,
        0.11738696694374084
      ],
      [
        0.0,
        0.0,
        0.0,
        1.0
      ]
    ],
    [
      [
        -0.14969798922538757,
        -0.9526791572570801,
        0.2639980912208557,
        0.3574784994125366
      ],
      [
        -0.12585923075675964,
        0.28312525153160095,
        0.9503260254859924,
        -0.42762309312820435
      ],
      [
        -0.9803359508514404,
        0.10885685682296753,
        -0.16233830153942108,
        0.13985425233840942
      ],
      [
        0.0,
        0.0,
        0.0,
        1.0
      ]
    ],
    [
      [
        0.43402189016342163,
        -0.5870053172111511,
        0.6831928491592407,
        0.09020799398422241
      ],
      [
        -0.7826331853866577,
        -0.6207252740859985,
        -0.036141276359558105,
        0.016080036759376526
      ],
      [
        0.4455259442329407,
        -0.5191864371299744,
        -0.7288448214530945,
        0.2957155704498291
      ],
      [
        0.0,
        0.0,
        0.0,
        1.0
      ]
    ],
    [
      [
        -0.22987313568592072,
        -0.758971631526947,
        0.6089525818824768,
        0.11156059801578522
      ],
      [
        -0.9696161150932312,
        0.2291039079427719,
        -0.08047875761985779,
        0.07042700052261353
      ],
      [
        -0.07842583954334259,
        -0.6092454195022583,
        -0.7886269092559814,
        0.4013913869857788
      ],
      [
        0.0,
        0.0,
        0.0,
        1.0
      ]
    ],
    [
      [
        -0.5078598856925964,
        -0.6132851243019104,
        0.6047000885009766,
        0.02596365101635456
      ],
      [
        -0.8607691526412964,
        0.3782004714012146,
        -0.339354544878006,
        0.21362833678722382
      ],
      [
        -0.020618431270122528,
        -0.6931479573249817,
        -0.7199884057044983,
        0.36530473828315735
      ],
      [
        0.0,
        0.0,
        0.0,
        1.0
      ]
    ]
  ]
}