{
  "description": "Camera relative motion without scale (raw DUST3R output)",
  "data_type": "INPUT - From vision (scale ambiguous)",
  "source": "DUST3R (scale ambiguity not resolved)",
  "coordinate_frame": "camera_frame (unscaled)",
  "format": "4x4 homogeneous transformation matrices",
  "count": 15,
  "usage": "Input B for hand-eye calibration: AX = sXB (needs scale s)",
  "note": "These poses need scale factor to be used in robot base frame",
  "poses": [
    [
      [
        0.7777586579322815,
        0.5601500272750854,
        0.2851725220680237,
        -0.07877016812562943
      ],
      [
        -0.598393440246582,
        0.7987098693847656,
        0.06314878165721893,
        0.02762407623231411
      ],
      [
        -0.192397341132164,
        -0.21975989639759064,
        0.9563936591148376,
        0.0006796902744099498
      ],
      [
        0.0,
        0.0,
        0.0,
        1.0
      ]
    ],
    [
      [
        0.667959988117218,
        -0.68541020154953,
        0.28990042209625244,
        -0.12758734822273254
      ],
      [
        0.744036853313446,
        0.6231464743614197,
        -0.24103429913520813,
        0.04940204694867134
      ],
      [
        -0.015443071722984314,
        0.3766978681087494,
        0.9262073636054993,
        0.02356836199760437
      ],
      [
        0.0,
        0.0,
        0.0,
        1.0
      ]
    ],
    [
      [
        0.9998472929000854,
        -0.01174195483326912,
        -0.012933779507875443,
        0.0
      ],
      [
        0.011893747374415398,
        0.999860405921936,
        0.011722382158041,
        0.0
      ],
      [
        0.012794332578778267,
        -0.011874424293637276,
        0.9998475313186646,
        0.0
      ],
      [
        0.0,
        0.0,
        0.0,
        1.0
      ]
    ],
    [
      [
        0.6550183892250061,
        -0.30009159445762634,
        0.6934665441513062,
        -0.22181300818920135
      ],
      [
        0.3719625174999237,
        0.9269123077392578,
        0.04977358132600784,
        0.03367718681693077
      ],
      [
        -0.6577193737030029,
        0.22534096240997314,
        0.7187674045562744,
        0.11745300143957138
      ],
      [
        0.0,
        0.0,
        0.0,
        1.0
      ]
    ],
    [
      [
        0.6542969942092896,
        -0.28081950545310974,
        0.702164888381958,
        -0.23455668985843658
      ],
      [
        0.37685516476631165,
        0.9260729551315308,
        0.019203707575798035,
        0.02157791145145893
      ],
      [
        -0.6556488275527954,
        0.2520495653152466,
        0.7117551565170288,
        0.1111806258559227
      ],
      [
        0.0,
        0.0,
        0.0,
        1.0
      ]
    ],
    [
      [
        0.6548889875411987,
        -0.2825285792350769,
        0.7009264230728149,
        -0.22916662693023682
      ],
      [
        0.37611889839172363,
        0.9263110160827637,
        0.021961256861686707,
        0.004545547533780336
      ],
      [
        -0.6554806232452393,
        0.24924950301647186,
        0.7128953337669373,
        0.12236049026250839
      ],
      [
        0.0,
        0.0,
        0.0,
        1.0
      ]
    ],
    [
      [
        0.24607372283935547,
        0.7121666073799133,
        0.657469630241394,
        -0.18649519979953766
      ],
      [
        -0.8836836218833923,
        0.44351136684417725,
        -0.14966881275177002,
        0.06709412485361099
      ],
      [
        -0.3981844484806061,
        -0.5441655516624451,
        0.7384665012359619,
        0.06153919920325279
      ],
      [
        0.0,
        0.0,
        0.0,
        1.0
      ]
    ],
    [
      [
        0.3330908715724945,
        0.1471404731273651,
        0.9313431978225708,
        -0.29247090220451355
      ],
      [
        -0.23983561992645264,
        0.9684826135635376,
        -0.06723186373710632,
        0.020905936136841774
      ],
      [
        -0.9118822813034058,
        -0.2009749412536621,
        0.3578822910785675,
        0.1619643270969391
      ],
      [
        0.0,
        0.0,
        0.0,
        1.0
      ]
    ],
    [
      [
        -0.08831483125686646,
        0.05524042248725891,
        0.994559645652771,
        -0.26465392112731934
      ],
      [
        -0.8002587556838989,
        0.5905911326408386,
        -0.10386431217193604,
        -6.370219580276171e-06
      ],
      [
        -0.5931156873703003,
        -0.8050779104232788,
        -0.007951319217681885,
        0.26557502150535583
      ],
      [
        0.0,
        0.0,
        0.0,
        1.0
      ]
    ],
    [
      [
        0.2635423243045807,
        -0.03102836012840271,
        0.964148759841919,
        -0.22381627559661865
      ],
      [
        -0.704369306564331,
        0.6767085790634155,
        0.2143116295337677,
        -0.08357767015695572
      ],
      [
        -0.65909743309021,
        -0.7355968952178955,
        0.15648594498634338,
        0.2571377456188202
      ],
      [
        0.0,
        0.0,
        0.0,
        1.0
      ]
    ],
    [
      [
        0.5330407023429871,
        -0.6053270101547241,
        -0.5911400318145752,
        0.07680599391460419
      ],
      [
        0.7187029123306274,
        0.692620575428009,
        -0.061176836490631104,
        -0.016160987317562103
      ],
      [
        0.446467787027359,
        -0.3922443687915802,
        0.8042453527450562,
        0.08589384704828262
      ],
      [
        0.0,
        0.0,
        0.0,
        1.0
      ]
    ],
    [
      [
        0.4942535161972046,
        -0.571537971496582,
        -0.6550248265266418,
        0.08562950044870377
      ],
      [
        0.7080209255218506,
        0.7018531560897827,
        -0.07815566658973694,
        -0.04066162183880806
      ],
      [
        0.5044001936912537,
        -0.4251426160335541,
        0.7515543699264526,
        0.08534864336252213
      ],
      [
        0.0,
        0.0,
        0.0,
        1.0
      ]
    ],
    [
      [
        0.6138463616371155,
        0.5971305966377258,
        0.5163599252700806,
        -0.14339710772037506
      ],
      [
        -0.6667073369026184,
        0.742396354675293,
        -0.06594560295343399,
        0.01068032905459404
      ],
      [
        -0.42272186279296875,
        -0.30378052592277527,
        0.8538287281990051,
        0.08723685145378113
      ],
      [
        0.0,
        0.0,
        0.0,
        1.0
      ]
    ],
    [
      [
        0.8057535886764526,
        -0.13016362488269806,
        0.5777702331542969,
        -0.18333017826080322
      ],
      [
        0.16492830216884613,
        0.9862745404243469,
        -0.007813643664121628,
        -0.01883360743522644
      ],
      [
        -0.5688230991363525,
        0.10158655047416687,
        0.8161619901657104,
        0.07641223073005676
      ],
      [
        0.0,
        0.0,
        0.0,
        1.0
      ]
    ],
    [
      [
        0.611180305480957,
        -0.18381986021995544,
        0.7698498368263245,
        -0.2281859815120697
      ],
      [
        0.35412487387657166,
        0.9333809018135071,
        -0.058271363377571106,
        0.02334161102771759
      ],
      [
        -0.7078517079353333,
        0.30823731422424316,
        0.6355592608451843,
        0.10839354246854782
      ],
      [
        0.0,
        0.0,
        0.0,
        1.0
      ]
    ]
  ]
}