{
  "description": "Camera poses in robot base frame (with correct scale)",
  "data_type": "GROUND TRUTH - For verification",
  "source": "DUST3R + scale optimization",
  "coordinate_frame": "robot_base",
  "format": "4x4 homogeneous transformation matrices",
  "count": 15,
  "usage": "Verify calibration by comparing: camera_poses_scaled vs robot_poses @ X",
  "poses": [
    [
      [
        0.33771586418151855,
        -0.5523881316184998,
        0.7614918947219849,
        0.03870794177055359
      ],
      [
        -0.8710037469863892,
        -0.48926374316215515,
        0.03106085956096649,
        -0.1368286907672882
      ],
      [
        0.355785995721817,
        -0.6741620302200317,
        -0.6465035676956177,
        0.6794830560684204
      ],
      [
        0.0,
        0.0,
        0.0,
        1.0
      ]
    ],
    [
      [
        -0.33723631501197815,
        -0.5162546038627625,
        0.7866431474685669,
        -0.164591982960701
      ],
      [
        -0.5823882818222046,
        0.7709091901779175,
        0.2559574246406555,
        -0.10263437032699585
      ],
      [
        -0.7389470338821411,
        -0.37222617864608765,
        -0.5607584118843079,
        0.3883279860019684
      ],
      [
        0.0,
        0.0,
        0.0,
        1.0
      ]
    ],
    [
      [
        0.33210548758506775,
        -0.7906564474105835,
        0.5134422779083252,
        -0.025180548429489136
      ],
      [
        -0.8497259020805359,
        -0.015006409026682377,
        0.5260533094406128,
        -0.44087108969688416
      ],
      [
        -0.40823519229888916,
        -0.6114888191223145,
        -0.6771044731140137,
        0.4043404757976532
      ],
      [
        0.0,
        0.0,
        0.0,
        1.0
      ]
    ],
    [
      [
        -0.41957008838653564,
        -0.7166839241981506,
        0.5562193393707275,
        -0.10507598519325256
      ],
      [
        -0.904923141002655,
        0.37300780415534973,
        -0.2024124711751938,
        0.25258639454841614
      ],
      [
        -0.06242644414305687,
        -0.5887808203697205,
        -0.8052858114242554,
        0.4132503271102905
      ],
      [
        0.0,
        0.0,
        0.0,
        1.0
      ]
    ],
    [
      [
        -0.4264009892940521,
        -0.7191124558448792,
        0.5478266477584839,
        -0.051286481320858
      ],
      [
        -0.9022377729415894,
        0.37524744868278503,
        -0.21011334657669067,
        0.25782978534698486
      ],
      [
        -0.05449159815907478,
        -0.584380030632019,
        -0.809058427810669,
        0.42775407433509827
      ],
      [
        0.0,
        0.0,
        0.0,
        1.0
      ]
    ],
    [
      [
        -0.42124032974243164,
        -0.7152425646781921,
        0.5568116903305054,
        -0.004580579698085785
      ],
      [
        -0.9043277502059937,
        0.3723045587539673,
        -0.20632995665073395,
        0.26079294085502625
      ],
      [
        -0.05974477902054787,
        -0.5909742116928101,
        -0.8038812279701233,
        0.432508647441864
      ],
      [
        0.0,
        0.0,
        0.0,
        1.0
      ]
    ],
    [
      [
        0.5716388821601868,
        -0.43609103560447693,
        0.6943404674530029,
        -0.19495634734630585
      ],
      [
        -0.40192097425460815,
        -0.8866903185844421,
        -0.22634398937225342,
        0.08959303796291351
      ],
      [
        0.714921236038208,
        -0.14975106716156006,
        -0.6822812557220459,
        0.3764314353466034
      ],
      [
        0.0,
        0.0,
        0.0,
        1.0
      ]
    ],
    [
      [
        -0.17210730910301208,
        -0.8320902585983276,
        0.5263645648956299,
        -0.026617929339408875
      ],
      [
        -0.7670060992240906,
        -0.22148263454437256,
        -0.6013638973236084,
        0.43420499563217163
      ],
      [
        0.6173343658447266,
        -0.5076541900634766,
        -0.6001920700073242,
        0.3799949884414673
      ],
      [
        0.0,
        0.0,
        0.0,
        1.0
      ]
    ],
    [
      [
        0.17447057366371155,
        -0.8745924234390259,
        0.45133474469184875,
        0.14554929733276367
      ],
      [
        -0.7731913924217224,
        -0.40519270300865173,
        -0.48681163787841797,
        0.3344319462776184
      ],
      [
        0.6090861558914185,
        -0.26432931423187256,
        -0.74712073802948,
        0.604154646396637
      ],
      [
        0.0,
        0.0,
        0.0,
        1.0
      ]
    ],
    [
      [
        0.31317955255508423,
        -0.9351785182952881,
        0.16252580285072327,
        0.3820384442806244
      ],
      [
        -0.6283490657806396,
        -0.33229267597198486,
        -0.7026739120483398,
        0.49309632182121277
      ],
      [
        0.711645245552063,
        0.11781129240989685,
        -0.6919008493423462,
        0.4238303601741791
      ],
      [
        0.0,
        0.0,
        0.0,
        1.0
      ]
    ],
    [
      [
        -0.12244990468025208,
        -0.9356878995895386,
        0.3294673264026642,
        0.21301957964897156
      ],
      [
        -0.2083994448184967,
        0.3490351438522339,
        0.9130911827087402,
        -0.5330888032913208
      ],
      [
        -0.9698519706726074,
        0.04289299249649048,
        -0.23789140582084656,
        0.20105360448360443
      ],
      [
        0.0,
        0.0,
        0.0,
        1.0
      ]
    ],
    [
      [
        0.10165771842002869,
        -0.9862252473831177,
        0.12680864334106445,
        0.275107204914093
      ],
      [
        -0.5387689471244812,
        0.05273693799972534,
        0.8402014970779419,
        -0.5717518329620361
      ],
      [
        -0.8356383442878723,
        -0.15406039357185364,
        -0.5263261795043945,
        0.261376291513443
      ],
      [
        0.0,
        0.0,
        0.0,
        1.0
      ]
    ],
    [
      [
        0.49934110045433044,
        -0.5664451122283936,
        0.6548688411712646,
        -0.018065951764583588
      ],
      [
        -0.7317594289779663,
        -0.6801308393478394,
        -0.030685529112815857,
        0.02235749363899231
      ],
      [
        0.46322694420814514,
        -0.46416783332824707,
        -0.7543303370475769,
        0.38814666867256165
      ],
      [
        0.0,
        0.0,
        0.0,
        1.0
      ]
    ],
    [
      [
        -0.1530153900384903,
        -0.776216983795166,
        0.610842227935791,
        0.012099161744117737
      ],
      [
        -0.9853280782699585,
        0.16275322437286377,
        -0.04039379954338074,
        0.08220608532428741
      ],
      [
        -0.0680069699883461,
        -0.6085771322250366,
        -0.7899709343910217,
        0.5041007399559021
      ],
      [
        0.0,
        0.0,
        0.0,
        1.0
      ]
    ],
    [
      [
        -0.43435409665107727,
        -0.6564408540725708,
        0.6160168051719666,
        -0.07541339099407196
      ],
      [
        -0.900026261806488,
        0.3247590959072113,
        -0.2889217734336853,
        0.22978442907333374
      ],
      [
        -0.010393332690000534,
        -0.6804692149162292,
        -0.7320511341094971,
        0.435012549161911
      ],
      [
        0.0,
        0.0,
        0.0,
        1.0
      ]
    ]
  ]
}