{
  "description": "Camera poses in robot base frame (with correct scale)",
  "data_type": "GROUND TRUTH - For verification",
  "source": "DUST3R + scale optimization",
  "coordinate_frame": "robot_base",
  "format": "4x4 homogeneous transformation matrices",
  "count": 15,
  "usage": "Verify calibration by comparing: camera_poses_scaled vs robot_poses @ X",
  "poses": [
    [
      [
        0.5024075508117676,
        -0.580841064453125,
        0.640130341053009,
        -0.1275939643383026
      ],
      [
        -0.8519912958145142,
        -0.4563690721988678,
        0.2544024586677551,
        -0.2699863910675049
      ],
      [
        0.14446748793125153,
        -0.6734204888343811,
        -0.7240817546844482,
        0.42555955052375793
      ],
      [
        0.0,
        0.0,
        0.0,
        1.0
      ]
    ],
    [
      [
        -0.4328829348087311,
        -0.5165758728981018,
        0.7384567260742188,
        -0.14996185898780823
      ],
      [
        -0.5655240416526794,
        0.7932423949241638,
        0.2232302725315094,
        -0.10399535298347473
      ],
      [
        -0.7012853622436523,
        -0.3211064338684082,
        -0.635413408279419,
        0.35037943720817566
      ],
      [
        0.0,
        0.0,
        0.0,
        1.0
      ]
    ],
    [
      [
        0.2819831669330597,
        -0.7886653542518616,
        0.5459389090538025,
        0.0306645929813385
      ],
      [
        -0.847854495048523,
        0.06088266521692276,
        0.5256604552268982,
        -0.43581119179725647
      ],
      [
        -0.4478241205215454,
        -0.6113470792770386,
        -0.6514361500740051,
        0.355421781539917
      ],
      [
        0.0,
        0.0,
        0.0,
        1.0
      ]
    ],
    [
      [
        -0.4712371826171875,
        -0.6671334505081177,
        0.5765630006790161,
        -0.0745249092578888
      ],
      [
        -0.8762770891189575,
        0.4247910976409912,
        -0.22488486766815186,
        0.23220369219779968
      ],
      [
        -0.09503796696662903,
        -0.6114060282707214,
        -0.7847360968589783,
        0.3989601731300354
      ],
      [
        0.0,
        0.0,
        0.0,
        1.0
      ]
    ],
    [
      [
        -0.4738249182701111,
        -0.6648760437965393,
        0.5770497918128967,
        -0.020236238837242126
      ],
      [
        -0.8746115565299988,
        0.4280846118927002,
        -0.22512415051460266,
        0.22921881079673767
      ],
      [
        -0.09749466180801392,
        -0.6115661263465881,
        -0.7843101024627686,
        0.399457722902298
      ],
      [
        0.0,
        0.0,
        0.0,
        1.0
      ]
    ],
    [
      [
        -0.4718285799026489,
        -0.6609657406806946,
        0.5831458568572998,
        0.016884326934814453
      ],
      [
        -0.8755655884742737,
        0.425452321767807,
        -0.2264026403427124,
        0.23617085814476013
      ],
      [
        -0.09860414266586304,
        -0.6176077127456665,
        -0.7794221639633179,
        0.4162570834159851
      ],
      [
        0.0,
        0.0,
        0.0,
        1.0
      ]
    ],
    [
      [
        0.5324311256408691,
        -0.45277509093284607,
        0.7148905992507935,
        -0.1364038586616516
      ],
      [
        -0.465037077665329,
        -0.8618346452713013,
        -0.19966036081314087,
        0.06927743554115295
      ],
      [
        0.706700325012207,
        -0.22630244493484497,
        -0.6693447828292847,
        0.3384610414505005
      ],
      [
        0.0,
        0.0,
        0.0,
        1.0
      ]
    ],
    [
      [
        -0.23030352592468262,
        -0.8256316781044006,
        0.514634907245636,
        0.006125465035438538
      ],
      [
        -0.7690902352333069,
        -0.16897501051425934,
        -0.6154917478561401,
        0.429575115442276
      ],
      [
        0.5951169729232788,
        -0.53780198097229,
        -0.5960413813591003,
        0.3828534781932831
      ],
      [
        0.0,
        0.0,
        0.0,
        1.0
      ]
    ],
    [
      [
        0.5527567863464355,
        -0.6705778241157532,
        0.4943094551563263,
        0.17587554454803467
      ],
      [
        -0.8197212219238281,
        -0.33276185393333435,
        0.46498289704322815,
        -0.40142542123794556
      ],
      [
        -0.1472405642271042,
        -0.6624543070793152,
        -0.7335768342018127,
        0.41962242126464844
      ],
      [
        0.0,
        0.0,
        0.0,
        1.0
      ]
    ],
    [
      [
        0.7185273170471191,
        -0.4167782664299011,
        0.5563912391662598,
        0.24037477374076843
      ],
      [
        -0.6552591919898987,
        -0.6726597547531128,
        0.3421213924884796,
        -0.24218934774398804
      ],
      [
        0.2318376749753952,
        -0.6105889081954956,
        -0.7563685178756714,
        0.44409075379371643
      ],
      [
        0.0,
        0.0,
        0.0,
        1.0
      ]
    ],
    [
      [
        -0.16247205436229706,
        -0.9323357343673706,
        0.3223501145839691,
        0.24875429272651672
      ],
      [
        -0.18166619539260864,
        0.34938299655914307,
        0.9185922145843506,
        -0.49127933382987976
      ],
      [
        -0.9692100882530212,
        0.09049785137176514,
        -0.22605901956558228,
        0.1503695845603943
      ],
      [
        0.0,
        0.0,
        0.0,
        1.0
      ]
    ],
    [
      [
        0.27603933215141296,
        -0.9047130346298218,
        0.32381048798561096,
        0.2413044422864914
      ],
      [
        -0.27553850412368774,
        -0.3970511853694916,
        -0.8748208284378052,
        0.5087500810623169
      ],
      [
        0.9201853275299072,
        0.15206196904182434,
        -0.3588825762271881,
        0.20837068557739258
      ],
      [
        0.0,
        0.0,
        0.0,
        1.0
      ]
    ],
    [
      [
        0.45720145106315613,
        -0.5758263468742371,
        0.6774567365646362,
        0.03676978498697281
      ],
      [
        -0.7820237278938293,
        -0.6223502159118652,
        -0.0013897716999053955,
        -0.0010262727737426758
      ],
      [
        0.4225376844406128,
        -0.5293618440628052,
        -0.7347780466079712,
        0.3483657240867615
      ],
      [
        0.0,
        0.0,
        0.0,
        1.0
      ]
    ],
    [
      [
        -0.21683956682682037,
        -0.7435508966445923,
        0.6321940422058105,
        0.02552013099193573
      ],
      [
        -0.9716215133666992,
        0.22314435243606567,
        -0.07099887728691101,
        0.0678015649318695
      ],
      [
        -0.08837193250656128,
        -0.6298778653144836,
        -0.7707819938659668,
        0.48275595903396606
      ],
      [
        0.0,
        0.0,
        0.0,
        1.0
      ]
    ],
    [
      [
        -0.49983489513397217,
        -0.606081485748291,
        0.6183744072914124,
        -0.038999080657958984
      ],
      [
        -0.865043044090271,
        0.3731672763824463,
        -0.3336605429649353,
        0.2209002673625946
      ],
      [
        -0.02867761254310608,
        -0.7018965482711792,
        -0.7107596397399902,
        0.40811824798583984
      ],
      [
        0.0,
        0.0,
        0.0,
        1.0
      ]
    ]
  ]
}