{
  "description": "Camera relative motion without scale (raw DUST3R output)",
  "data_type": "INPUT - From vision (scale ambiguous)",
  "source": "DUST3R (scale ambiguity not resolved)",
  "coordinate_frame": "camera_frame (unscaled)",
  "format": "4x4 homogeneous transformation matrices",
  "count": 15,
  "usage": "Input B for hand-eye calibration: AX = sXB (needs scale s)",
  "note": "These poses need scale factor to be used in robot base frame",
  "poses": [
    [
      [
        0.4943447709083557,
        0.7043454051017761,
        -0.5094320774078369,
        0.18838265538215637
      ],
      [
        -0.7243658900260925,
        0.6577594876289368,
        0.20651108026504517,
        -0.05457998439669609
      ],
      [
        0.48053884506225586,
        0.2669275104999542,
        0.8353636264801025,
        0.048688095062971115
      ],
      [
        0.0,
        0.0,
        0.0,
        1.0
      ]
    ],
    [
      [
        0.7273675799369812,
        -0.41744866967201233,
        -0.5446767807006836,
        0.12257251888513565
      ],
      [
        0.548588216304779,
        0.8305585384368896,
        0.0960380882024765,
        -0.005410884041339159
      ],
      [
        0.41229504346847534,
        -0.36865830421447754,
        0.8331288695335388,
        0.06259829550981522
      ],
      [
        0.0,
        0.0,
        0.0,
        1.0
      ]
    ],
    [
      [
        0.6024927496910095,
        0.3535112142562866,
        -0.715564489364624,
        0.21915248036384583
      ],
      [
        -0.16449564695358276,
        0.9323095083236694,
        0.3220875561237335,
        -0.0990515798330307
      ],
      [
        0.7809890508651733,
        -0.07634816318750381,
        0.6198607087135315,
        0.1327122449874878
      ],
      [
        0.0,
        0.0,
        0.0,
        1.0
      ]
    ],
    [
      [
        0.996536374092102,
        -0.02420610561966896,
        -0.07955670356750488,
        0.0058989753015339375
      ],
      [
        0.03379225730895996,
        0.9920220375061035,
        0.1214507520198822,
        0.010567186400294304
      ],
      [
        0.07598215341567993,
        -0.1237185001373291,
        0.9894040822982788,
        -0.008471519686281681
      ],
      [
        0.0,
        0.0,
        0.0,
        1.0
      ]
    ],
    [
      [
        0.9968331456184387,
        -0.027389418333768845,
        -0.07465572655200958,
        -0.005188714247196913
      ],
      [
        0.03549283370375633,
        0.9933555722236633,
        0.10947588086128235,
        -0.00011085966252721846
      ],
      [
        0.0711611956357956,
        -0.11177892982959747,
        0.9911819100379944,
        0.010480289347469807
      ],
      [
        0.0,
        0.0,
        0.0,
        1.0
      ]
    ],
    [
      [
        0.9965301156044006,
        -0.02894134446978569,
        -0.07803895324468613,
        -0.015210995450615883
      ],
      [
        0.037659574300050735,
        0.9929187297821045,
        0.11266805976629257,
        -0.014887550845742226
      ],
      [
        0.07422558218240738,
        -0.11521602421998978,
        0.9905633330345154,
        0.01770620606839657
      ],
      [
        0.0,
        0.0,
        0.0,
        1.0
      ]
    ],
    [
      [
        0.13213247060775757,
        0.9796364903450012,
        -0.15117353200912476,
        0.07181676477193832
      ],
      [
        -0.9900936484336853,
        0.12312918901443481,
        -0.0674830749630928,
        0.024320706725120544
      ],
      [
        -0.047495003789663315,
        0.15859264135360718,
        0.9862011671066284,
        0.03187031298875809
      ],
      [
        0.0,
        0.0,
        0.0,
        1.0
      ]
    ],
    [
      [
        0.7701406478881836,
        0.5659192204475403,
        0.294310063123703,
        -0.07892347127199173
      ],
      [
        -0.557370126247406,
        0.8214069604873657,
        -0.12094929814338684,
        0.026077471673488617
      ],
      [
        -0.3101959526538849,
        -0.07089169323444366,
        0.9480255842208862,
        0.005954607855528593
      ],
      [
        0.0,
        0.0,
        0.0,
        1.0
      ]
    ],
    [
      [
        0.4597465395927429,
        0.6407824754714966,
        -0.6148420572280884,
        0.16924698650836945
      ],
      [
        -0.5412647724151611,
        0.7510789632797241,
        0.37803786993026733,
        -0.14397785067558289
      ],
      [
        0.7040350437164307,
        0.15899072587490082,
        0.6921390295028687,
        0.14704549312591553
      ],
      [
        0.0,
        0.0,
        0.0,
        1.0
      ]
    ],
    [
      [
        0.21773290634155273,
        0.8088967204093933,
        -0.5461486577987671,
        0.11464712768793106
      ],
      [
        -0.846189558506012,
        0.4353005886077881,
        0.3073704242706299,
        -0.1509227603673935
      ],
      [
        0.4863697588443756,
        0.39522063732147217,
        0.7792592644691467,
        0.12010612338781357
      ],
      [
        0.0,
        0.0,
        0.0,
        1.0
      ]
    ],
    [
      [
        0.2737767696380615,
        0.19569873809814453,
        -0.9416729807853699,
        0.19018295407295227
      ],
      [
        0.7103767395019531,
        0.6189008951187134,
        0.33515113592147827,
        -0.10759948194026947
      ],
      [
        0.6483909487724304,
        -0.7606993317604065,
        0.03042086958885193,
        0.25826698541641235
      ],
      [
        0.0,
        0.0,
        0.0,
        1.0
      ]
    ],
    [
      [
        -0.02768629789352417,
        0.7597212195396423,
        0.649659276008606,
        -0.1505308896303177
      ],
      [
        -0.8890339732170105,
        0.2784101366996765,
        -0.3634645640850067,
        0.047730568796396255
      ],
      [
        -0.4570034444332123,
        -0.5876321196556091,
        0.6677098274230957,
        0.11976253241300583
      ],
      [
        0.0,
        0.0,
        0.0,
        1.0
      ]
    ],
    [
      [
        0.45232492685317993,
        0.8349913358688354,
        -0.31335577368736267,
        0.06633370369672775
      ],
      [
        -0.8655335903167725,
        0.49571606516838074,
        0.07153593748807907,
        -0.030766963958740234
      ],
      [
        0.21506735682487488,
        0.23886242508888245,
        0.9469376802444458,
        0.07070540636777878
      ],
      [
        0.0,
        0.0,
        0.0,
        1.0
      ]
    ],
    [
      [
        0.9541741609573364,
        0.19245189428329468,
        -0.22915881872177124,
        0.03792127966880798
      ],
      [
        -0.16240644454956055,
        0.9762164950370789,
        0.14361520111560822,
        -0.06118222698569298
      ],
      [
        0.2513476610183716,
        -0.09981705248355865,
        0.9627360701560974,
        0.03376724570989609
      ],
      [
        0.0,
        0.0,
        0.0,
        1.0
      ]
    ],
    [
      [
        0.9999732375144958,
        -0.007280126679688692,
        -0.0006029396317899227,
        0.0
      ],
      [
        0.00728076184168458,
        0.9999728202819824,
        0.0010580705711618066,
        0.0
      ],
      [
        0.0005952204810455441,
        -0.0010624321876093745,
        0.9999991655349731,
        0.0
      ],
      [
        0.0,
        0.0,
        0.0,
        1.0
      ]
    ]
  ]
}