{
  "clean": {
    "8obj_divangs_15": {
      "tsai_lenz": {
        "X": [
          [
            0.05545950486187941,
            -0.996599770463906,
            0.06093554653700934,
            -0.012321747453070941
          ],
          [
            0.9984459155652138,
            0.05569006432122939,
            0.0020905566337592225,
            -0.005743430269972372
          ],
          [
            -0.005476952767442245,
            0.06072490631681727,
            0.9981395136658981,
            0.08830693050194895
          ],
          [
            0.0,
            0.0,
            0.0,
            1.0
          ]
        ],
        "scale": 2.4981339066953345,
        "error": {
          "rot_deg": 0.0,
          "trans_cm": 0.8890212330429654
        }
      },
      "park_martin": {
        "X": [
          [
            0.06632013358435551,
            -0.9964131847871885,
            0.05255858696353262,
            -0.01103305850311232
          ],
          [
            0.9977674790606671,
            0.06664067144901209,
            0.004367909997219248,
            -0.00669784177713989
          ],
          [
            -0.007854782636854084,
            0.05215156844309483,
            0.9986082897205756,
            0.09003377490716336
          ],
          [
            0.0,
            0.0,
            0.0,
            1.0
          ]
        ],
        "scale": 2.4913966717692624,
        "error": {
          "rot_deg": 0.0,
          "trans_cm": 1.112034217711185
        }
      },
      "ransac": {
        "X": [
          [
            0.05642291624422649,
            -0.9964258719077731,
            0.06286442806015706,
            -0.012553276551492316
          ],
          [
            0.9983148888033203,
            0.05716084613758842,
            0.0100010230701017,
            -0.008941204617849072
          ],
          [
            -0.013558662032470286,
            0.06219420762151925,
            0.9979719651484307,
            0.0930021743739769
          ],
          [
            0.0,
            0.0,
            0.0,
            1.0
          ]
        ],
        "scale": 2.476488244122061,
        "inlier_ratio": 0.9285714285714286,
        "error": {
          "rot_deg": 0.0,
          "trans_cm": 1.4413781640492116
        }
      },
      "m_estimator": {
        "X": [
          [
            0.05421783959363417,
            -0.996668497590926,
            0.06092890758618278,
            -0.014282323189214288
          ],
          [
            0.9985022803452885,
            0.054562836079668914,
            0.004011616158376743,
            -0.00535282925222437
          ],
          [
            -0.007322705446619271,
            0.06062015200236493,
            0.9981340466871934,
            0.0832950616537062
          ],
          [
            0.0,
            0.0,
            0.0,
            1.0
          ]
        ],
        "scale": 2.512006003001501,
        "error": {
          "rot_deg": 0.0,
          "trans_cm": 0.4311316296008184
        }
      }
    },
    "8obj_4cluster_15": {
      "tsai_lenz": {
        "X": [
          [
            0.059882684910057875,
            -0.9962780636497178,
            0.062000676918336425,
            0.009564560737732692
          ],
          [
            0.9981875485260352,
            0.05939430154761438,
            -0.009692002437880477,
            -0.004601492290337045
          ],
          [
            0.0059734425206567285,
            0.06246868682820407,
            0.9980290482498058,
            0.16155350040778751
          ],
          [
            0.0,
            0.0,
            0.0,
            1.0
          ]
        ],
        "scale": 2.3013210660533026,
        "error": {
          "rot_deg": 0.0,
          "trans_cm": 0.29111631712865377
        }
      },
      "park_martin": {
        "X": [
          [
            0.05986242029331512,
            -0.9964567112146535,
            0.05908056627924258,
            0.010084259810078796
          ],
          [
            0.9981865968636935,
            0.05938123569747633,
            -0.009868469419929391,
            -0.004464747334918445
          ],
          [
            0.006325225551538076,
            0.059564179859125294,
            0.9982044379782289,
            0.16325480487244637
          ],
          [
            0.0,
            0.0,
            0.0,
            1.0
          ]
        ],
        "scale": 2.2945913606451693,
        "error": {
          "rot_deg": 0.0,
          "trans_cm": 0.4317461697325481
        }
      },
      "ransac": {
        "X": [
          [
            0.05842367148985649,
            -0.9963269857269361,
            0.06260361109330997,
            0.006289064357104027
          ],
          [
            0.9982734045527797,
            0.05792609015596013,
            -0.009735391201468168,
            -0.007307205682321183
          ],
          [
            0.006073250550351544,
            0.0630642972807966,
            0.9979909869514008,
            0.1497665990368951
          ],
          [
            0.0,
            0.0,
            0.0,
            1.0
          ]
        ],
        "scale": 2.368434217108554,
        "inlier_ratio": 0.9285714285714286,
        "error": {
          "rot_deg": 0.0,
          "trans_cm": 1.1158127654919625
        }
      },
      "m_estimator": {
        "X": [
          [
            0.05923278000434494,
            -0.9966467955967512,
            0.05645035517765933,
            0.01544250215544647
          ],
          [
            0.9982117163053656,
            0.058679888177533814,
            -0.011403514991793581,
            -0.004315478916107451
          ],
          [
            0.008052776145703124,
            0.05702486782272382,
            0.9983402812899757,
            0.1894152965502846
          ],
          [
            0.0,
            0.0,
            0.0,
            1.0
          ]
        ],
        "scale": 2.1859929964982494,
        "error": {
          "rot_deg": 0.0,
          "trans_cm": 3.054961808600521
        }
      }
    },
    "7obj_4cluster_15": {
      "tsai_lenz": {
        "X": [
          [
            0.07589355961110825,
            -0.9939642991611939,
            0.07921577874736842,
            -0.004473384283812323
          ],
          [
            0.9970684200319376,
            0.07487459302571112,
            -0.015759476331707233,
            -0.001711932583548459
          ],
          [
            0.009733107652268855,
            0.08017959411365834,
            0.9967329127219583,
            0.14520840453245956
          ],
          [
            0.0,
            0.0,
            0.0,
            1.0
          ]
        ],
        "scale": 2.418209910495525,
        "error": {
          "rot_deg": 0.0,
          "trans_cm": 0.5055923225048712
        }
      },
      "park_martin": {
        "X": [
          [
            0.06802090594070209,
            -0.9943461137379486,
            0.0815411702714301,
            -0.004302429330983764
          ],
          [
            0.9975577262189035,
            0.06648499673775865,
            -0.021408598033057846,
            -0.00026320830547321705
          ],
          [
            0.01586629181526044,
            0.08279825664232551,
            0.9964400180046085,
            0.14440401749561413
          ],
          [
            0.0,
            0.0,
            0.0,
            1.0
          ]
        ],
        "scale": 2.420892265378667,
        "error": {
          "rot_deg": 0.0,
          "trans_cm": 0.5720043937965095
        }
      },
      "ransac": {
        "X": [
          [
            0.07832992400494013,
            -0.9938988538040882,
            0.07764979982137388,
            -0.002095728241841373
          ],
          [
            0.996779317707558,
            0.07673749746872385,
            -0.023288372048995566,
            -0.0020655287739048123
          ],
          [
            0.017187634969220045,
            0.07922389089887368,
            0.996708663710218,
            0.14099954137937187
          ],
          [
            0.0,
            0.0,
            0.0,
            1.0
          ]
        ],
        "scale": 2.384192096048024,
        "inlier_ratio": 0.7857142857142857,
        "error": {
          "rot_deg": 0.0,
          "trans_cm": 0.9456256538288235
        }
      },
      "m_estimator": {
        "X": [
          [
            0.0783654284919448,
            -0.9938053672619331,
            0.07880197725088349,
            -0.017598431422936912
          ],
          [
            0.996733070352189,
            0.07655542927243829,
            -0.02573815679513574,
            -0.0035577554185413918
          ],
          [
            0.019545999170477266,
            0.08056151842094027,
            0.9965579740617903,
            0.08620927918476806
          ],
          [
            0.0,
            0.0,
            0.0,
            1.0
          ]
        ],
        "scale": 2.6517258629314657,
        "error": {
          "rot_deg": 0.0,
          "trans_cm": 6.548898360661337
        }
      }
    },
    "shelf_divangs_15": {
      "tsai_lenz": {
        "X": [
          [
            0.08945844602696515,
            -0.9953058544908978,
            0.03692482160531418,
            -0.007280027414030132
          ],
          [
            0.9953725645018654,
            0.08803568558455471,
            -0.03851202280635868,
            0.0006662294776295097
          ],
          [
            0.03508053978234445,
            0.0401991800886673,
            0.9985756764756377,
            0.14583412718302363
          ],
          [
            0.0,
            0.0,
            0.0,
            1.0
          ]
        ],
        "scale": 2.5016305815290765,
        "error": {
          "rot_deg": 0.0,
          "trans_cm": 1.2829376761021034
        }
      },
      "park_martin": {
        "X": [
          [
            0.07283380906251491,
            -0.997002021445819,
            0.026119063734954845,
            -0.008140809686849326
          ],
          [
            0.9973439854683085,
            0.07279676168691906,
            -0.0023677284647779483,
            -0.010009234798841873
          ],
          [
            0.0004592468074195392,
            0.02622214180503622,
            0.9996560350298128,
            0.14066641208601988
          ],
          [
            0.0,
            0.0,
            0.0,
            1.0
          ]
        ],
        "scale": 2.5109342719401715,
        "error": {
          "rot_deg": 0.0,
          "trans_cm": 0.9641765547139012
        }
      },
      "ransac": {
        "X": [
          [
            0.1206097617684177,
            -0.9920771040045029,
            0.03516113018952077,
            0.002523636515170687
          ],
          [
            0.9922488724903004,
            0.11941160461933334,
            -0.03439540265737724,
            0.015384553730666023
          ],
          [
            0.029924244483239937,
            0.03903701310647177,
            0.9987895930574325,
            0.20035985312862567
          ],
          [
            0.0,
            0.0,
            0.0,
            1.0
          ]
        ],
        "scale": 2.3346673336668333,
        "inlier_ratio": 0.7142857142857143,
        "error": {
          "rot_deg": 0.0,
          "trans_cm": 6.956456966048013
        }
      },
      "m_estimator": {
        "X": [
          [
            0.09659930278970733,
            -0.9946496631868075,
            0.036614508366396355,
            -0.011031700552774656
          ],
          [
            0.9946668417904456,
            0.09513435504690329,
            -0.03984128929176091,
            0.00523415392608878
          ],
          [
            0.03614482733618196,
            0.04026787816834063,
            0.9985349515388321,
            0.11889394632049512
          ],
          [
            0.0,
            0.0,
            0.0,
            1.0
          ]
        ],
        "scale": 2.610055027513757,
        "error": {
          "rot_deg": 0.0,
          "trans_cm": 1.8673692798976487
        }
      }
    },
    "7obj_divangs_15": {
      "tsai_lenz": {
        "X": [
          [
            0.060414603830722044,
            -0.9943189878535368,
            0.08763461666428071,
            -0.01888589673132186
          ],
          [
            0.9980108284327284,
            0.0585871869539127,
            -0.02327934397373116,
            0.009895774753082176
          ],
          [
            0.018012828067710554,
            0.08886670872011555,
            0.9958806384834771,
            0.08372481924599287
          ],
          [
            0.0,
            0.0,
            0.0,
            1.0
          ]
        ],
        "scale": 2.63050802540127,
        "error": {
          "rot_deg": 0.0,
          "trans_cm": 0.30595176161807036
        }
      },
      "park_martin": {
        "X": [
          [
            0.08299981272901369,
            -0.9934725408465496,
            0.07825178381886491,
            -0.01634866286185448
          ],
          [
            0.9965195899261304,
            0.08213204137872887,
            -0.014249023559687261,
            0.006535153119380188
          ],
          [
            0.007729034893855187,
            0.07916210180918934,
            0.9968317930607756,
            0.08852820473653994
          ],
          [
            0.0,
            0.0,
            0.0,
            1.0
          ]
        ],
        "scale": 2.6095822995001132,
        "error": {
          "rot_deg": 0.0,
          "trans_cm": 0.651702234027074
        }
      },
      "ransac": {
        "X": [
          [
            0.07688077152239867,
            -0.9943196277917005,
            0.07360587448223375,
            -0.006047894432099959
          ],
          [
            0.9969373151775323,
            0.07560205303390691,
            -0.020007978000585524,
            -0.0010499768572253543
          ],
          [
            0.01432957001219433,
            0.07491867167290063,
            0.9970866843249053,
            0.15391466510786736
          ],
          [
            0.0,
            0.0,
            0.0,
            1.0
          ]
        ],
        "scale": 2.435967983991996,
        "inlier_ratio": 0.8571428571428571,
        "error": {
          "rot_deg": 0.0,
          "trans_cm": 7.1937602419748
        }
      },
      "m_estimator": {
        "X": [
          [
            0.06725778774643827,
            -0.9944788812138199,
            0.08054902114342294,
            -0.017194735705875618
          ],
          [
            0.9975810882547878,
            0.06560697660345725,
            -0.022971655955688498,
            0.003976335710294099
          ],
          [
            0.017560248968853845,
            0.08189920293056581,
            0.9964859046747675,
            0.0997141001649466
          ],
          [
            0.0,
            0.0,
            0.0,
            1.0
          ]
        ],
        "scale": 2.602701350675338,
        "error": {
          "rot_deg": 0.0,
          "trans_cm": 1.7460429732847609
        }
      }
    },
    "shelf_4cluster_15": {
      "tsai_lenz": {
        "X": [
          [
            0.13409573976987457,
            -0.9897695332467927,
            0.04872990490445219,
            -0.013711320173580852
          ],
          [
            0.9906513370867606,
            0.13264687744511747,
            -0.03185489338034945,
            -0.0045937774678507445
          ],
          [
            0.025065133228921385,
            0.05254595094283425,
            0.9983038926778408,
            0.03755366722537474
          ],
          [
            0.0,
            0.0,
            0.0,
            1.0
          ]
        ],
        "scale": 2.570065503275164,
        "error": {
          "rot_deg": 0.0,
          "trans_cm": 1.1348092929998586
        }
      },
      "park_martin": {
        "X": [
          [
            0.12952192416738195,
            -0.9906358480202315,
            0.04318203072089787,
            -0.013178854990007653
          ],
          [
            0.9912475243355843,
            0.12823431419748788,
            -0.031373653928733605,
            -0.0045109781627300505
          ],
          [
            0.025542448170036487,
            0.046867657072884594,
            0.9985744869873151,
            0.03970165021677007
          ],
          [
            0.0,
            0.0,
            0.0,
            1.0
          ]
        ],
        "scale": 2.563105496679582,
        "error": {
          "rot_deg": 0.0,
          "trans_cm": 1.1331877563509736
        }
      },
      "ransac": {
        "X": [
          [
            0.13698125698279254,
            -0.9889966294598801,
            0.05587308969809568,
            -0.0281211143241257
          ],
          [
            0.9903845666134624,
            0.13563507667563923,
            -0.027231162095243747,
            -0.004220622829803768
          ],
          [
            0.019353176723165583,
            0.05906600453891273,
            0.9980664615437854,
            0.03371985542367524
          ],
          [
            0.0,
            0.0,
            0.0,
            1.0
          ]
        ],
        "scale": 2.485492746373186,
        "inlier_ratio": 0.7142857142857143,
        "error": {
          "rot_deg": 0.0,
          "trans_cm": 0.9375187462515514
        }
      },
      "m_estimator": {
        "X": [
          [
            0.13107663736700365,
            -0.9905440436921813,
            0.04051435106847986,
            -0.027720249502893243
          ],
          [
            0.9909622046162057,
            0.12973770806264306,
            -0.03408865102701039,
            -0.0012243653392529988
          ],
          [
            0.028510071181036413,
            0.04461641640241383,
            0.9985972918192091,
            -0.03669305339264571
          ],
          [
            0.0,
            0.0,
            0.0,
            1.0
          ]
        ],
        "scale": 2.862531265632817,
        "error": {
          "rot_deg": 0.0,
          "trans_cm": 7.798770710084112
        }
      }
    }
  },
  "noisy": {
    "8obj_divangs_15": {
      "tsai_lenz": {
        "X": [
          [
            0.06485340084134308,
            -0.9953324414892261,
            0.0714658472167584,
            0.032008457743892826
          ],
          [
            0.9978944971542532,
            0.06463084863961341,
            -0.0054245694191827135,
            -0.018811836350465905
          ],
          [
            0.000780351569654756,
            0.07166717744700365,
            0.9974282965347472,
            0.30983382805916565
          ],
          [
            0.0,
            0.0,
            0.0,
            1.0
          ]
        ],
        "scale": 1.5075758787939397,
        "error": {
          "rot_deg": 0.0,
          "trans_cm": 23.473814680722548
        }
      },
      "park_martin": {
        "X": [
          [
            0.06930397516185316,
            -0.9961493199888415,
            0.05369814999087487,
            0.033528250262630115
          ],
          [
            0.997561770445211,
            0.06964437182692196,
            0.004491727836624691,
            -0.020702448534402618
          ],
          [
            -0.008214205554408712,
            0.053255926980109225,
            0.998547111091209,
            0.30993432992659464
          ],
          [
            0.0,
            0.0,
            0.0,
            1.0
          ]
        ],
        "scale": 1.5072463553839794,
        "error": {
          "rot_deg": 0.0,
          "trans_cm": 23.528201075512982
        }
      },
      "ransac": {
        "X": [
          [
            0.052015674267198095,
            -0.9964986568403537,
            0.06545835734188961,
            0.009710755719486933
          ],
          [
            0.9985205078051597,
            0.050857066155033576,
            -0.01924459182804497,
            -0.0010336812609331447
          ],
          [
            0.01584818989835132,
            0.06636253263304834,
            0.9976697094426956,
            0.1490460208137038
          ],
          [
            0.0,
            0.0,
            0.0,
            1.0
          ]
        ],
        "scale": 2.240120060030015,
        "inlier_ratio": 0.7142857142857143,
        "error": {
          "rot_deg": 0.0,
          "trans_cm": 7.273841978918069
        }
      },
      "m_estimator": {
        "X": [
          [
            0.05650247882380517,
            -0.9960134206626526,
            0.06902706531967658,
            0.011534047027895625
          ],
          [
            0.9983358372286971,
            0.05556482839773353,
            -0.015430682097924066,
            -0.009239757255763426
          ],
          [
            0.011533689420223973,
            0.06978406483583414,
            0.997495442748159,
            0.18467773464320525
          ],
          [
            0.0,
            0.0,
            0.0,
            1.0
          ]
        ],
        "scale": 2.087943971985993,
        "error": {
          "rot_deg": 0.0,
          "trans_cm": 10.769124543140734
        }
      }
    },
    "8obj_4cluster_15": {
      "tsai_lenz": {
        "X": [
          [
            0.06972669538649953,
            -0.9962011839254348,
            0.052166934892144586,
            0.005306245384014259
          ],
          [
            0.9969178203543245,
            0.07147107077618997,
            0.0323534465256477,
            0.011004430532002812
          ],
          [
            -0.03595896842877205,
            0.04975024811664524,
            0.9981141544942999,
            0.21493360801907474
          ],
          [
            0.0,
            0.0,
            0.0,
            1.0
          ]
        ],
        "scale": 1.9881189059452975,
        "error": {
          "rot_deg": 1.354136614806383,
          "trans_cm": 5.690556737503797
        }
      },
      "park_martin": {
        "X": [
          [
            0.058874955617083335,
            -0.9967007491940546,
            0.055869098409071324,
            0.002274450128170712
          ],
          [
            0.9981682388683081,
            0.05955764461107793,
            0.010632679947531837,
            0.014801708844476319
          ],
          [
            -0.01392503197743318,
            0.05514076100614322,
            0.9983814851849422,
            0.20193275702169905
          ],
          [
            0.0,
            0.0,
            0.0,
            1.0
          ]
        ],
        "scale": 2.0380421932402744,
        "error": {
          "rot_deg": 0.0,
          "trans_cm": 4.602569301375273
        }
      },
      "ransac": {
        "X": [
          [
            0.05359085927039846,
            -0.9959180628311657,
            0.07263079188111932,
            -0.0023050399213661024
          ],
          [
            0.998562968282201,
            0.053439090820681226,
            -0.004032610531506109,
            -0.006910434044434394
          ],
          [
            0.00013482618497728804,
            0.07274253019298375,
            0.9973507437822581,
            0.15063447898744575
          ],
          [
            0.0,
            0.0,
            0.0,
            1.0
          ]
        ],
        "scale": 2.2941470735367684,
        "inlier_ratio": 0.6428571428571429,
        "error": {
          "rot_deg": 0.0,
          "trans_cm": 1.4395557298612065
        }
      },
      "m_estimator": {
        "X": [
          [
            0.05882467787699701,
            -0.9966122284125695,
            0.05747802581160295,
            0.006358867690819306
          ],
          [
            0.9980940922096758,
            0.059792554157020755,
            0.01526543689262369,
            0.002600904703047441
          ],
          [
            -0.018650479050427604,
            0.05647049358657607,
            0.9982300551402356,
            0.19493275713549962
          ],
          [
            0.0,
            0.0,
            0.0,
            1.0
          ]
        ],
        "scale": 2.097748874437219,
        "error": {
          "rot_deg": 0.0,
          "trans_cm": 3.55675308847155
        }
      }
    },
    "7obj_4cluster_15": {
      "tsai_lenz": {
        "X": [
          [
            0.07055413346189181,
            -0.9941827935816027,
            0.08137989430886546,
            0.006813450158740854
          ],
          [
            0.9967985015014497,
            0.06719254134676672,
            -0.04333485654560246,
            0.013771763817021193
          ],
          [
            0.03761464682682066,
            0.08417680995169353,
            0.9957406303904903,
            0.17365890552520036
          ],
          [
            0.0,
            0.0,
            0.0,
            1.0
          ]
        ],
        "scale": 2.291830091504575,
        "error": {
          "rot_deg": 0.0,
          "trans_cm": 2.966980953753576
        }
      },
      "park_martin": {
        "X": [
          [
            0.06937826097586675,
            -0.9938789239863645,
            0.08597291061522562,
            0.006625475417004495
          ],
          [
            0.9969724438445436,
            0.06604434914994517,
            -0.041037667574816805,
            0.013350631527004997
          ],
          [
            0.035108447966061176,
            0.08855974481133694,
            0.9954519418235946,
            0.1738124010109121
          ],
          [
            0.0,
            0.0,
            0.0,
            1.0
          ]
        ],
        "scale": 2.2906296443316396,
        "error": {
          "rot_deg": 0.0,
          "trans_cm": 2.9523306917799337
        }
      },
      "ransac": {
        "X": [
          [
            0.08734986724356321,
            -0.9939766352368381,
            0.06618496276184321,
            0.019225381102811138
          ],
          [
            0.9961630395843943,
            0.08751597405188412,
            -0.00039096256907142357,
            -0.00980008419181834
          ],
          [
            -0.005403633824781012,
            0.06596516420812332,
            0.9978072949485205,
            0.11847428551556001
          ],
          [
            0.0,
            0.0,
            0.0,
            1.0
          ]
        ],
        "scale": 2.489994997498749,
        "inlier_ratio": 0.5714285714285714,
        "error": {
          "rot_deg": 0.0,
          "trans_cm": 4.043337017260458
        }
      },
      "m_estimator": {
        "X": [
          [
            0.08205745655647734,
            -0.9935891017691155,
            0.07776419914796698,
            0.0246815022073528
          ],
          [
            0.9964342199018763,
            0.08025438420107701,
            -0.02603995439791809,
            0.004097854322395844
          ],
          [
            0.019632096984826417,
            0.07962368154103847,
            0.9966316521693612,
            0.21432070539494347
          ],
          [
            0.0,
            0.0,
            0.0,
            1.0
          ]
        ],
        "scale": 2.1149074537268637,
        "error": {
          "rot_deg": 0.0,
          "trans_cm": 7.061917937842821
        }
      }
    },
    "shelf_divangs_15": {
      "tsai_lenz": {
        "X": [
          [
            0.09010617960982797,
            -0.9950154662864333,
            0.042721168604247906,
            -0.04706229057069781
          ],
          [
            0.9942277257059116,
            0.0873606519787463,
            -0.062284395505609394,
            -0.0024667575196249403
          ],
          [
            0.05824178769382157,
            0.04808677922921818,
            0.9971436986861963,
            0.16656523773024792
          ],
          [
            0.0,
            0.0,
            0.0,
            1.0
          ]
        ],
        "scale": 2.358266913345667,
        "error": {
          "rot_deg": 0.0,
          "trans_cm": 5.3278701760311025
        }
      },
      "park_martin": {
        "X": [
          [
            0.08006869663840122,
            -0.9955174146489906,
            0.05033965583133253,
            -0.04872994801847107
          ],
          [
            0.9967743351880972,
            0.07968815225376102,
            -0.009524867490294926,
            -0.018136673662103447
          ],
          [
            0.005470697300523481,
            0.05093992070047551,
            0.9986867356434025,
            0.15714685024906844
          ],
          [
            0.0,
            0.0,
            0.0,
            1.0
          ]
        ],
        "scale": 2.381114442334767,
        "error": {
          "rot_deg": 0.0,
          "trans_cm": 5.158686336554547
        }
      },
      "ransac": {
        "X": [
          [
            0.12245277491234731,
            -0.9918146013599333,
            0.03618168660388947,
            -0.013208873403038505
          ],
          [
            0.9924124721879442,
            0.12277080341303634,
            0.006694391318853493,
            0.02171036982693904
          ],
          [
            -0.01108164979045416,
            0.03508741025715226,
            0.9993228060438568,
            0.15191907777447117
          ],
          [
            0.0,
            0.0,
            0.0,
            1.0
          ]
        ],
        "scale": 2.357178589294647,
        "inlier_ratio": 0.42857142857142855,
        "error": {
          "rot_deg": 0.0,
          "trans_cm": 3.224867506119085
        }
      },
      "m_estimator": {
        "X": [
          [
            0.08997799392805189,
            -0.9951570336882674,
            0.03957826309292335,
            -0.03539265918306491
          ],
          [
            0.9944977093608293,
            0.08763569495265756,
            -0.05739591489146803,
            0.0013735954948106144
          ],
          [
            0.053649479818049975,
            0.04452486126799205,
            0.9975666744856303,
            0.12253157800977298
          ],
          [
            0.0,
            0.0,
            0.0,
            1.0
          ]
        ],
        "scale": 2.514457228614307,
        "error": {
          "rot_deg": 0.0,
          "trans_cm": 3.296778467103292
        }
      }
    },
    "7obj_divangs_15": {
      "tsai_lenz": {
        "X": [
          [
            0.06696186150060689,
            -0.9936272540245239,
            0.0906696705853595,
            0.054860568418920605
          ],
          [
            0.9976721697891904,
            0.0655045328119448,
            -0.01895779019869431,
            -0.01602045214443415
          ],
          [
            0.01289770260559504,
            0.09172805590860962,
            0.9957005639381377,
            0.3147573234623725
          ],
          [
            0.0,
            0.0,
            0.0,
            1.0
          ]
        ],
        "scale": 1.6324571228561429,
        "error": {
          "rot_deg": 0.0,
          "trans_cm": 24.338395421485888
        }
      },
      "park_martin": {
        "X": [
          [
            0.08774128737277798,
            -0.9925638108343895,
            0.08437148755393174,
            0.054561278548473514
          ],
          [
            0.99613812020657,
            0.08769858625838778,
            -0.0042194122319120855,
            -0.019129100694342482
          ],
          [
            -0.003211224294608253,
            0.0844158716721908,
            0.9964254355687403,
            0.31026402624989824
          ],
          [
            0.0,
            0.0,
            0.0,
            1.0
          ]
        ],
        "scale": 1.64999045633519,
        "error": {
          "rot_deg": 0.0,
          "trans_cm": 23.939781745889572
        }
      },
      "ransac": {
        "X": [
          [
            0.09089224434939144,
            -0.993072010223151,
            0.0744753813584084,
            0.017688399388519627
          ],
          [
            0.9958565087600599,
            0.09041950506914173,
            -0.009701910290050075,
            -0.02140013536860702
          ],
          [
            0.0029006684324822396,
            0.07504862166889767,
            0.9971756567968576,
            0.17757320233786508
          ],
          [
            0.0,
            0.0,
            0.0,
            1.0
          ]
        ],
        "scale": 2.285142571285643,
        "inlier_ratio": 0.5714285714285714,
        "error": {
          "rot_deg": 0.0,
          "trans_cm": 10.491248984323194
        }
      },
      "m_estimator": {
        "X": [
          [
            0.07200242056776564,
            -0.9935034708380529,
            0.08812777578677741,
            -0.007924718932364905
          ],
          [
            0.9973718036571607,
            0.07100349892345754,
            -0.014421803295342844,
            -0.011253924844555119
          ],
          [
            0.008070731196463822,
            0.08893456343496937,
            0.9960047724406673,
            0.07840429229714277
          ],
          [
            0.0,
            0.0,
            0.0,
            1.0
          ]
        ],
        "scale": 2.6198599299649827,
        "error": {
          "rot_deg": 0.0,
          "trans_cm": 2.431199199873347
        }
      }
    },
    "shelf_4cluster_15": {
      "tsai_lenz": {
        "X": [
          [
            0.12542583386228218,
            -0.990747006239353,
            0.051852963538359116,
            -0.013210392426711253
          ],
          [
            0.9901939592689646,
            0.12177258730427457,
            -0.06846429732696525,
            -0.009220299224344114
          ],
          [
            0.06151652808151184,
            0.059931682847907126,
            0.9963051290462248,
            0.10737433362361788
          ],
          [
            0.0,
            0.0,
            0.0,
            1.0
          ]
        ],
        "scale": 2.319803490174509,
        "error": {
          "rot_deg": 0.0,
          "trans_cm": 6.774249343757956
        }
      },
      "park_martin": {
        "X": [
          [
            0.11693459603101852,
            -0.9923632553970091,
            0.0392615535722014,
            -0.011551391925333054
          ],
          [
            0.9917179876162671,
            0.11456144391921197,
            -0.05806124874196774,
            -0.011436564863547077
          ],
          [
            0.053119989546252244,
            0.04572575756601024,
            0.997540686792083,
            0.11448885807336018
          ],
          [
            0.0,
            0.0,
            0.0,
            1.0
          ]
        ],
        "scale": 2.2965204286468044,
        "error": {
          "rot_deg": 0.0,
          "trans_cm": 7.52747301838566
        }
      },
      "ransac": {
        "X": [
          [
            0.11185305424017414,
            -0.9912269481096536,
            0.07041329134735258,
            0.031101502084160924
          ],
          [
            0.9898754522481564,
            0.1049089606541184,
            -0.09560700293901539,
            0.01803764841507205
          ],
          [
            0.08738125252966454,
            0.08039432390221962,
            0.9929256112069279,
            0.21582788579518453
          ],
          [
            0.0,
            0.0,
            0.0,
            1.0
          ]
        ],
        "scale": 1.7876438219109554,
        "inlier_ratio": 0.5,
        "error": {
          "rot_deg": 2.754775916663304,
          "trans_cm": 18.42620749601632
        }
      },
      "m_estimator": {
        "X": [
          [
            0.12128406547482291,
            -0.9914250841801707,
            0.04864645845526931,
            -0.0020876304441589497
          ],
          [
            0.9903168409492602,
            0.11752248744408758,
            -0.07389871093079026,
            -0.006060445261599268
          ],
          [
            0.06754798290235567,
            0.05713814315582693,
            0.9960785624650941,
            0.14621779615093305
          ],
          [
            0.0,
            0.0,
            0.0,
            1.0
          ]
        ],
        "scale": 2.17863931965983,
        "error": {
          "rot_deg": 0.0,
          "trans_cm": 10.758606908310389
        }
      }
    }
  },
  "summary": {
    "clean": {
      "tsai_lenz": {
        "avg_rot": 0.0,
        "std_rot": 0.0,
        "avg_trans": 0.7349047672327539,
        "std_trans": 0.39105597441316764,
        "count": 6
      },
      "park_martin": {
        "avg_rot": 0.0,
        "std_rot": 0.0,
        "avg_trans": 0.8108085543886986,
        "std_trans": 0.27209604106577884,
        "count": 6
      },
      "ransac": {
        "avg_rot": 0.0,
        "std_rot": 0.0,
        "avg_trans": 3.098425422940727,
        "std_trans": 2.8177058560268406,
        "count": 6
      },
      "m_estimator": {
        "avg_rot": 0.0,
        "std_rot": 0.0,
        "avg_trans": 3.5745291270215325,
        "std_trans": 2.680166153845044,
        "count": 6
      }
    },
    "noisy": {
      "tsai_lenz": {
        "avg_rot": 0.22568943580106382,
        "std_rot": 0.5046569202547535,
        "avg_trans": 11.428644552209144,
        "std_trans": 8.899026503873005,
        "count": 6
      },
      "park_martin": {
        "avg_rot": 0.0,
        "std_rot": 0.0,
        "avg_trans": 11.284840361582996,
        "std_trans": 8.904853165747959,
        "count": 6
      },
      "ransac": {
        "avg_rot": 0.45912931944388397,
        "std_rot": 1.0266443687397404,
        "avg_trans": 7.483176452083055,
        "std_trans": 5.7057469794361255,
        "count": 6
      },
      "m_estimator": {
        "avg_rot": 0.0,
        "std_rot": 0.0,
        "avg_trans": 6.312396690790355,
        "std_trans": 3.462759242897028,
        "count": 6
      }
    }
  }
}