{
  "description": "Camera poses in robot base frame (with correct scale)",
  "data_type": "GROUND TRUTH - For verification",
  "source": "DUST3R + scale optimization",
  "coordinate_frame": "robot_base",
  "format": "4x4 homogeneous transformation matrices",
  "count": 15,
  "usage": "Verify calibration by comparing: camera_poses_scaled vs robot_poses @ X",
  "poses": [
    [
      [
        0.5823104381561279,
        -0.5846512317657471,
        0.5641474723815918,
        -0.030609935522079468
      ],
      [
        -0.7947746515274048,
        -0.5532849431037903,
        0.24618101119995117,
        -0.22607411444187164
      ],
      [
        0.16875207424163818,
        -0.5921786427497864,
        -0.7868708372116089,
        0.362175852060318
      ],
      [
        0.0,
        0.0,
        0.0,
        1.0
      ]
    ],
    [
      [
        -0.3975542485713959,
        -0.4727046489715576,
        0.7859171628952026,
        -0.07413708418607712
      ],
      [
        -0.5442708730697632,
        0.8107545375823975,
        0.21175983548164368,
        -0.09566769003868103
      ],
      [
        -0.7376902103424072,
        -0.3441202640533447,
        -0.5794073343276978,
        0.34347963333129883
      ],
      [
        0.0,
        0.0,
        0.0,
        1.0
      ]
    ],
    [
      [
        0.2840791642665863,
        -0.789647102355957,
        0.5430665016174316,
        0.07375318557024002
      ],
      [
        -0.8506205081939697,
        0.05323055386543274,
        0.5215429663658142,
        -0.3914748728275299
      ],
      [
        -0.44058600068092346,
        -0.6107969284057617,
        -0.6566044688224792,
        0.3244713246822357
      ],
      [
        0.0,
        0.0,
        0.0,
        1.0
      ]
    ],
    [
      [
        -0.46822094917297363,
        -0.6834220290184021,
        0.5593463778495789,
        0.015358246862888336
      ],
      [
        -0.8790099620819092,
        0.417971670627594,
        -0.22591406106948853,
        0.20976653695106506
      ],
      [
        -0.07952865958213806,
        -0.5981459617614746,
        -0.7963762283325195,
        0.3156781792640686
      ],
      [
        0.0,
        0.0,
        0.0,
        1.0
      ]
    ],
    [
      [
        -0.47109144926071167,
        -0.6624003648757935,
        0.581775963306427,
        0.020847387611865997
      ],
      [
        -0.8770944476127625,
        0.41501760482788086,
        -0.2384565770626068,
        0.22680845856666565
      ],
      [
        -0.08362942934036255,
        -0.6233015060424805,
        -0.7764146327972412,
        0.3564257025718689
      ],
      [
        0.0,
        0.0,
        0.0,
        1.0
      ]
    ],
    [
      [
        -0.4702543616294861,
        -0.6646321415901184,
        0.5799050331115723,
        0.07108049839735031
      ],
      [
        -0.8775527477264404,
        0.41506755352020264,
        -0.23667702078819275,
        0.22737881541252136
      ],
      [
        -0.08353191614151001,
        -0.6208901405334473,
        -0.7783548831939697,
        0.35883858799934387
      ],
      [
        0.0,
        0.0,
        0.0,
        1.0
      ]
    ],
    [
      [
        0.5381481051445007,
        -0.44451817870140076,
        0.7155172824859619,
        -0.09693440049886703
      ],
      [
        -0.45764535665512085,
        -0.8666069507598877,
        -0.19480472803115845,
        0.07328692078590393
      ],
      [
        0.7073293924331665,
        -0.222794771194458,
        -0.6696014404296875,
        0.3175210952758789
      ],
      [
        0.0,
        0.0,
        0.0,
        1.0
      ]
    ],
    [
      [
        -0.22462144494056702,
        -0.8248323798179626,
        0.5180362462997437,
        0.04992515593767166
      ],
      [
        -0.7625632882118225,
        -0.18104444444179535,
        -0.6197710037231445,
        0.40716925263404846
      ],
      [
        0.6052394509315491,
        -0.5348904132843018,
        -0.5881292819976807,
        0.3367689251899719
      ],
      [
        0.0,
        0.0,
        0.0,
        1.0
      ]
    ],
    [
      [
        0.2689831554889679,
        -0.892343282699585,
        0.36129817366600037,
        0.24540188908576965
      ],
      [
        -0.26608502864837646,
        -0.42886796593666077,
        -0.8623613119125366,
        0.4738825857639313
      ],
      [
        0.9250262975692749,
        0.13544559478759766,
        -0.35256102681159973,
        0.17769593000411987
      ],
      [
        0.0,
        0.0,
        0.0,
        1.0
      ]
    ],
    [
      [
        0.2582547962665558,
        -0.9455632567405701,
        0.19590717554092407,
        0.4176979660987854
      ],
      [
        -0.5968573093414307,
        -0.3151909112930298,
        -0.7367578744888306,
        0.37015166878700256
      ],
      [
        0.758947491645813,
        0.07288792729377747,
        -0.645759105682373,
        0.2738960087299347
      ],
      [
        0.0,
        0.0,
        0.0,
        1.0
      ]
    ],
    [
      [
        -0.15960413217544556,
        -0.9314815402030945,
        0.32562771439552307,
        0.27035021781921387
      ],
      [
        -0.19422513246536255,
        0.35335296392440796,
        0.9142286777496338,
        -0.4461059868335724
      ],
      [
        -0.9670698642730713,
        0.08210009336471558,
        -0.23738977313041687,
        0.13633432984352112
      ],
      [
        0.0,
        0.0,
        0.0,
        1.0
      ]
    ],
    [
      [
        -0.13016849756240845,
        -0.9472990036010742,
        0.2912825345993042,
        0.32126981019973755
      ],
      [
        -0.13193431496620178,
        0.3080446720123291,
        0.9413275718688965,
        -0.4677199721336365
      ],
      [
        -0.9818683862686157,
        0.08353149890899658,
        -0.16515246033668518,
        0.16471631824970245
      ],
      [
        0.0,
        0.0,
        0.0,
        1.0
      ]
    ],
    [
      [
        0.46059632301330566,
        -0.5768664479255676,
        0.6739739179611206,
        0.07165827602148056
      ],
      [
        -0.7749766111373901,
        -0.6306270956993103,
        -0.010802537202835083,
        0.00967562198638916
      ],
      [
        0.4318317472934723,
        -0.5177459716796875,
        -0.7374136447906494,
        0.317623496055603
      ],
      [
        0.0,
        0.0,
        0.0,
        1.0
      ]
    ],
    [
      [
        -0.2141982614994049,
        -0.7498714327812195,
        0.6252813339233398,
        0.08494213968515396
      ],
      [
        -0.9731775522232056,
        0.2120104730129242,
        -0.07983094453811646,
        0.07481485605239868
      ],
      [
        -0.07266965508460999,
        -0.6263164281845093,
        -0.7750905156135559,
        0.41899573802948
      ],
      [
        0.0,
        0.0,
        0.0,
        1.0
      ]
    ],
    [
      [
        -0.4947347044944763,
        -0.6090894937515259,
        0.6192029714584351,
        0.01821862906217575
      ],
      [
        -0.8678457736968994,
        0.3608178496360779,
        -0.33919021487236023,
        0.21057483553886414
      ],
      [
        -0.016948282718658447,
        -0.7058665752410889,
        -0.7069538235664368,
        0.3516954481601715
      ],
      [
        0.0,
        0.0,
        0.0,
        1.0
      ]
    ]
  ]
}