{
  "description": "Camera relative motion without scale (raw DUST3R output)",
  "data_type": "INPUT - From vision (scale ambiguous)",
  "source": "DUST3R (scale ambiguity not resolved)",
  "coordinate_frame": "camera_frame (unscaled)",
  "format": "4x4 homogeneous transformation matrices",
  "count": 15,
  "usage": "Input B for hand-eye calibration: AX = sXB (needs scale s)",
  "note": "These poses need scale factor to be used in robot base frame",
  "poses": [
    [
      [
        0.6286713480949402,
        0.7089226841926575,
        -0.3196885585784912,
        0.10816358774900436
      ],
      [
        -0.7709291577339172,
        0.6221392154693604,
        -0.1364218294620514,
        -0.15680761635303497
      ],
      [
        0.10217825323343277,
        0.33222174644470215,
        0.9376503229141235,
        -0.01688697561621666
      ],
      [
        0.0,
        0.0,
        0.0,
        1.0
      ]
    ],
    [
      [
        0.7052409648895264,
        -0.46168437600135803,
        -0.5380358099937439,
        0.13490179181098938
      ],
      [
        0.47518858313560486,
        0.8710232973098755,
        -0.12455560266971588,
        -0.02778729982674122
      ],
      [
        0.526147186756134,
        -0.1678267866373062,
        0.8336684703826904,
        0.025281507521867752
      ],
      [
        0.0,
        0.0,
        0.0,
        1.0
      ]
    ],
    [
      [
        0.6481755971908569,
        0.37742310762405396,
        -0.6613773703575134,
        0.23044103384017944
      ],
      [
        -0.2963353991508484,
        0.9250854849815369,
        0.23749113082885742,
        -0.1174233928322792
      ],
      [
        0.7014653086662292,
        0.04205354303121567,
        0.7114617824554443,
        0.0801091343164444
      ],
      [
        0.0,
        0.0,
        0.0,
        1.0
      ]
    ],
    [
      [
        0.9998844861984253,
        -0.006271454971283674,
        -0.013846229761838913,
        0.0
      ],
      [
        0.0065537323243916035,
        0.9997697472572327,
        0.020436236634850502,
        0.0
      ],
      [
        0.013714876025915146,
        -0.02052461914718151,
        0.9996953010559082,
        0.0
      ],
      [
        0.0,
        0.0,
        0.0,
        1.0
      ]
    ],
    [
      [
        0.9999669790267944,
        -0.007480761036276817,
        -0.0031414958648383617,
        -0.010935437865555286
      ],
      [
        0.00755956768989563,
        0.9996365904808044,
        0.025871504098176956,
        -0.017438972368836403
      ],
      [
        0.0029468159191310406,
        -0.025894399732351303,
        0.9996602535247803,
        0.006874718703329563
      ],
      [
        0.0,
        0.0,
        0.0,
        1.0
      ]
    ],
    [
      [
        0.9999247193336487,
        -0.006140453275293112,
        -0.010617104358971119,
        -0.01972806826233864
      ],
      [
        0.006328226532787085,
        0.9998224377632141,
        0.017743686214089394,
        -0.030963880941271782
      ],
      [
        0.010506265796720982,
        -0.017809538170695305,
        0.9997861385345459,
        0.01539644692093134
      ],
      [
        0.0,
        0.0,
        0.0,
        1.0
      ]
    ],
    [
      [
        0.08784207701683044,
        0.994530439376831,
        -0.0565093457698822,
        0.07263701409101486
      ],
      [
        -0.9839483499526978,
        0.07778146862983704,
        -0.16061115264892578,
        0.010393280535936356
      ],
      [
        -0.15533727407455444,
        0.06971069425344467,
        0.9853989481925964,
        0.005699270870536566
      ],
      [
        0.0,
        0.0,
        0.0,
        1.0
      ]
    ],
    [
      [
        0.7378795146942139,
        0.5769554376602173,
        0.3502230644226074,
        -0.07600557059049606
      ],
      [
        -0.5305182933807373,
        0.8165785074234009,
        -0.22748607397079468,
        0.011822402477264404
      ],
      [
        -0.417233943939209,
        -0.01794242113828659,
        0.9086219668388367,
        0.011777660809457302
      ],
      [
        0.0,
        0.0,
        0.0,
        1.0
      ]
    ],
    [
      [
        0.5971555113792419,
        0.749683678150177,
        0.28527161478996277,
        -0.07338086515665054
      ],
      [
        -0.773259699344635,
        0.6325791478157043,
        -0.04374063014984131,
        -0.10214144736528397
      ],
      [
        -0.21324849128723145,
        -0.19446906447410583,
        0.9574481844902039,
        -0.010918188840150833
      ],
      [
        0.0,
        0.0,
        0.0,
        1.0
      ]
    ],
    [
      [
        0.402413934469223,
        0.691126823425293,
        0.6003389954566956,
        -0.16454847157001495
      ],
      [
        -0.881075382232666,
        0.470428466796875,
        0.04902446269989014,
        -0.10240106284618378
      ],
      [
        -0.2485344260931015,
        -0.5486720204353333,
        0.7982417345046997,
        0.08280573785305023
      ],
      [
        0.0,
        0.0,
        0.0,
        1.0
      ]
    ],
    [
      [
        0.28671446442604065,
        0.07805445790290833,
        -0.9548309445381165,
        0.22747063636779785
      ],
      [
        0.5986945629119873,
        0.7634854316711426,
        0.24218720197677612,
        -0.14806151390075684
      ],
      [
        0.7479034066200256,
        -0.6410907506942749,
        0.17217156291007996,
        0.20293325185775757
      ],
      [
        0.0,
        0.0,
        0.0,
        1.0
      ]
    ],
    [
      [
        0.4845578074455261,
        0.3770909607410431,
        -0.7893075942993164,
        0.22973749041557312
      ],
      [
        0.23871907591819763,
        0.811061680316925,
        0.5340341329574585,
        -0.1847187578678131
      ],
      [
        0.8415564298629761,
        -0.44719308614730835,
        0.30298739671707153,
        0.20130042731761932
      ],
      [
        0.0,
        0.0,
        0.0,
        1.0
      ]
    ],
    [
      [
        0.42906445264816284,
        0.8776767253875732,
        -0.21351194381713867,
        0.06698966771364212
      ],
      [
        -0.8999669551849365,
        0.4355872869491577,
        -0.017980419099330902,
        -0.05039208382368088
      ],
      [
        0.07722208648920059,
        0.19986844062805176,
        0.976775050163269,
        0.04668299853801727
      ],
      [
        0.0,
        0.0,
        0.0,
        1.0
      ]
    ],
    [
      [
        0.9601061344146729,
        0.21023276448249817,
        -0.18438680469989777,
        0.03889261558651924
      ],
      [
        -0.20806056261062622,
        0.9776158332824707,
        0.03127487376332283,
        -0.07748811691999435
      ],
      [
        0.18683446943759918,
        0.008336425758898258,
        0.982356071472168,
        0.01240907795727253
      ],
      [
        0.0,
        0.0,
        0.0,
        1.0
      ]
    ],
    [
      [
        0.9992309212684631,
        0.016276489943265915,
        0.03567449748516083,
        0.002733241766691208
      ],
      [
        -0.012721988372504711,
        0.9951354265213013,
        -0.0976918563246727,
        -0.016464978456497192
      ],
      [
        -0.03709103912115097,
        0.09716286510229111,
        0.994577169418335,
        0.001767849433235824
      ],
      [
        0.0,
        0.0,
        0.0,
        1.0
      ]
    ]
  ]
}