{
  "description": "Camera relative motion without scale (raw DUST3R output)",
  "data_type": "INPUT - From vision (scale ambiguous)",
  "source": "DUST3R (scale ambiguity not resolved)",
  "coordinate_frame": "camera_frame (unscaled)",
  "format": "4x4 homogeneous transformation matrices",
  "count": 15,
  "usage": "Input B for hand-eye calibration: AX = sXB (needs scale s)",
  "note": "These poses need scale factor to be used in robot base frame",
  "poses": [
    [
      [
        0.8107677102088928,
        0.515256404876709,
        0.277788370847702,
        -0.08329590409994125
      ],
      [
        -0.5295422077178955,
        0.8478508591651917,
        -0.027088452130556107,
        0.03379296138882637
      ],
      [
        -0.24948063492774963,
        -0.12513823807239532,
        0.9602601528167725,
        -0.018817901611328125
      ],
      [
        0.0,
        0.0,
        0.0,
        1.0
      ]
    ],
    [
      [
        0.663051962852478,
        -0.6882829070091248,
        0.2943275272846222,
        -0.12774324417114258
      ],
      [
        0.7442832589149475,
        0.6481896638870239,
        -0.16091138124465942,
        0.06218099594116211
      ],
      [
        -0.0800274983048439,
        0.32575568556785583,
        0.9420609474182129,
        0.02773650921881199
      ],
      [
        0.0,
        0.0,
        0.0,
        1.0
      ]
    ],
    [
      [
        0.9998233914375305,
        -0.013818206265568733,
        -0.012742634862661362,
        0.0
      ],
      [
        0.014020215719938278,
        0.9997752904891968,
        0.015902357175946236,
        0.0
      ],
      [
        0.01252002827823162,
        -0.016078202053904533,
        0.9997923970222473,
        0.0
      ],
      [
        0.0,
        0.0,
        0.0,
        1.0
      ]
    ],
    [
      [
        0.6564729809761047,
        -0.2905958890914917,
        0.6961299180984497,
        -0.23774142563343048
      ],
      [
        0.375194251537323,
        0.9263625144958496,
        0.032885029911994934,
        0.035450130701065063
      ],
      [
        -0.6544250249862671,
        0.23959584534168243,
        0.717162013053894,
        0.09818728268146515
      ],
      [
        0.0,
        0.0,
        0.0,
        1.0
      ]
    ],
    [
      [
        0.6553671956062317,
        -0.2927008867263794,
        0.6962901949882507,
        -0.23089894652366638
      ],
      [
        0.37884199619293213,
        0.9249001145362854,
        0.03222575783729553,
        0.019130436703562737
      ],
      [
        -0.6534313559532166,
        0.24266424775123596,
        0.7170366048812866,
        0.10916999727487564
      ],
      [
        0.0,
        0.0,
        0.0,
        1.0
      ]
    ],
    [
      [
        0.6572338938713074,
        -0.2867213487625122,
        0.6970185041427612,
        -0.2318894863128662
      ],
      [
        0.37793540954589844,
        0.92551189661026,
        0.02434946596622467,
        0.004207411780953407
      ],
      [
        -0.6520802974700928,
        0.2474246472120285,
        0.7166398167610168,
        0.11436687409877777
      ],
      [
        0.0,
        0.0,
        0.0,
        1.0
      ]
    ],
    [
      [
        0.24539819359779358,
        0.706043004989624,
        0.6642913222312927,
        -0.1810997873544693
      ],
      [
        -0.8840285539627075,
        0.4441967308521271,
        -0.14554305374622345,
        0.06482492387294769
      ],
      [
        -0.3978356719017029,
        -0.551536500453949,
        0.7331672310829163,
        0.06776376068592072
      ],
      [
        0.0,
        0.0,
        0.0,
        1.0
      ]
    ],
    [
      [
        0.3357342481613159,
        0.1406598836183548,
        0.9313952326774597,
        -0.29095858335494995
      ],
      [
        -0.23941035568714142,
        0.9690596461296082,
        -0.06004922091960907,
        0.01969168521463871
      ],
      [
        -0.9110241532325745,
        -0.20282511413097382,
        0.35902196168899536,
        0.15845593810081482
      ],
      [
        0.0,
        0.0,
        0.0,
        1.0
      ]
    ],
    [
      [
        0.923443078994751,
        0.37903231382369995,
        0.05989326536655426,
        -0.005981499794870615
      ],
      [
        -0.38342201709747314,
        0.9176856875419617,
        0.10411712527275085,
        -0.05785411223769188
      ],
      [
        -0.015499437227845192,
        -0.11911064386367798,
        0.9927598834037781,
        0.02212284319102764
      ],
      [
        0.0,
        0.0,
        0.0,
        1.0
      ]
    ],
    [
      [
        0.6664350032806396,
        0.7202369570732117,
        0.1926736831665039,
        -0.05517071485519409
      ],
      [
        -0.7408955693244934,
        0.6686383485794067,
        0.06321926414966583,
        -0.07941613346338272
      ],
      [
        -0.08329614996910095,
        -0.18488259613513947,
        0.9792243242263794,
        0.06132616847753525
      ],
      [
        0.0,
        0.0,
        0.0,
        1.0
      ]
    ],
    [
      [
        0.5273867845535278,
        -0.6048299670219421,
        -0.5966941714286804,
        0.07596591114997864
      ],
      [
        0.7248350977897644,
        0.6866905093193054,
        -0.05540958046913147,
        -0.016677871346473694
      ],
      [
        0.4432576298713684,
        -0.4032825827598572,
        0.8005535006523132,
        0.08694028854370117
      ],
      [
        0.0,
        0.0,
        0.0,
        1.0
      ]
    ],
    [
      [
        -0.08231064677238464,
        0.01555943489074707,
        0.9964852333068848,
        -0.2623195946216583
      ],
      [
        -0.8083699941635132,
        0.5837627649307251,
        -0.07588720321655273,
        -0.006466630380600691
      ],
      [
        -0.5828917026519775,
        -0.8117751479148865,
        -0.035472095012664795,
        0.26802581548690796
      ],
      [
        0.0,
        0.0,
        0.0,
        1.0
      ]
    ],
    [
      [
        0.6179184913635254,
        0.59661865234375,
        0.5120771527290344,
        -0.1407192349433899
      ],
      [
        -0.6652202606201172,
        0.7438993453979492,
        -0.0639987513422966,
        0.009430604986846447
      ],
      [
        -0.41911667585372925,
        -0.3010980486869812,
        0.8565518856048584,
        0.08875381946563721
      ],
      [
        0.0,
        0.0,
        0.0,
        1.0
      ]
    ],
    [
      [
        0.8079821467399597,
        -0.13183820247650146,
        0.5742677450180054,
        -0.18673144280910492
      ],
      [
        0.16811296343803406,
        0.9857145547866821,
        -0.010234665125608444,
        -0.018062163144350052
      ],
      [
        -0.564714789390564,
        0.10481128096580505,
        0.818603515625,
        0.06654030084609985
      ],
      [
        0.0,
        0.0,
        0.0,
        1.0
      ]
    ],
    [
      [
        0.6100343465805054,
        -0.1898808479309082,
        0.7692875266075134,
        -0.23165807127952576
      ],
      [
        0.3563230037689209,
        0.9328981637954712,
        -0.05229482054710388,
        0.022439461201429367
      ],
      [
        -0.7077372670173645,
        0.3060164749622345,
        0.6367588639259338,
        0.10133934020996094
      ],
      [
        0.0,
        0.0,
        0.0,
        1.0
      ]
    ]
  ]
}