{
  "description": "Camera relative motion without scale (raw DUST3R output)",
  "data_type": "INPUT - From vision (scale ambiguous)",
  "source": "DUST3R (scale ambiguity not resolved)",
  "coordinate_frame": "camera_frame (unscaled)",
  "format": "4x4 homogeneous transformation matrices",
  "count": 15,
  "usage": "Input B for hand-eye calibration: AX = sXB (needs scale s)",
  "note": "These poses need scale factor to be used in robot base frame",
  "poses": [
    [
      [
        0.47547563910484314,
        0.7613182067871094,
        -0.44081491231918335,
        0.18943721055984497
      ],
      [
        -0.7859830856323242,
        0.5927078723907471,
        0.1758640706539154,
        -0.08101186156272888
      ],
      [
        0.3951629400253296,
        0.2628539502620697,
        0.8802013397216797,
        0.02444542571902275
      ],
      [
        0.0,
        0.0,
        0.0,
        1.0
      ]
    ],
    [
      [
        0.7563612461090088,
        -0.41460055112838745,
        -0.5059879422187805,
        0.13806457817554474
      ],
      [
        0.4668847918510437,
        0.8839247822761536,
        -0.02636849880218506,
        -0.020682014524936676
      ],
      [
        0.4581877291202545,
        -0.21629399061203003,
        0.8621372580528259,
        0.02795465849339962
      ],
      [
        0.0,
        0.0,
        0.0,
        1.0
      ]
    ],
    [
      [
        0.6569522619247437,
        0.3978983759880066,
        -0.6403833031654358,
        0.22007876634597778
      ],
      [
        -0.2937169671058655,
        0.9173564314842224,
        0.2686775326728821,
        -0.12180991470813751
      ],
      [
        0.6943660378456116,
        0.011583134531974792,
        0.7195287942886353,
        0.09301945567131042
      ],
      [
        0.0,
        0.0,
        0.0,
        1.0
      ]
    ],
    [
      [
        0.9999673962593079,
        0.004825718235224485,
        0.006470529828220606,
        0.0
      ],
      [
        -0.004931373987346888,
        0.9998530745506287,
        0.016413526609539986,
        0.0
      ],
      [
        -0.006390372756868601,
        -0.016444901004433632,
        0.9998443126678467,
        0.0
      ],
      [
        0.0,
        0.0,
        0.0,
        1.0
      ]
    ],
    [
      [
        0.9999797940254211,
        -0.00038700131699442863,
        0.006335029378533363,
        -0.009111329913139343
      ],
      [
        0.00016772134404163808,
        0.9994019269943237,
        0.034577883780002594,
        -0.01869247667491436
      ],
      [
        -0.006344622932374477,
        -0.03457612544298172,
        0.9993818998336792,
        0.009216832928359509
      ],
      [
        0.0,
        0.0,
        0.0,
        1.0
      ]
    ],
    [
      [
        0.9999861121177673,
        0.0015013170195743442,
        -0.005040682852268219,
        -0.01729195937514305
      ],
      [
        -0.001373704639263451,
        0.999680757522583,
        0.025225190445780754,
        -0.03189731016755104
      ],
      [
        0.005076944828033447,
        -0.025217918679118156,
        0.9996690154075623,
        0.019086260348558426
      ],
      [
        0.0,
        0.0,
        0.0,
        1.0
      ]
    ],
    [
      [
        0.973785936832428,
        -0.03285350278019905,
        -0.22508075833320618,
        0.034671586006879807
      ],
      [
        -0.04266225919127464,
        0.9455758929252625,
        -0.3225926160812378,
        -0.11217458546161652
      ],
      [
        0.22342926263809204,
        0.32373863458633423,
        0.9193869829177856,
        -0.011989590711891651
      ],
      [
        0.0,
        0.0,
        0.0,
        1.0
      ]
    ],
    [
      [
        0.7347437739372253,
        0.5858701467514038,
        0.341918021440506,
        -0.07395604997873306
      ],
      [
        -0.5419844388961792,
        0.8101299405097961,
        -0.22347813844680786,
        0.010143592022359371
      ],
      [
        -0.40792718529701233,
        -0.02111508697271347,
        0.9127703905105591,
        0.011075526475906372
      ],
      [
        0.0,
        0.0,
        0.0,
        1.0
      ]
    ],
    [
      [
        0.47813236713409424,
        0.7014342546463013,
        -0.5285637378692627,
        0.17492376267910004
      ],
      [
        -0.6478310823440552,
        0.6880202293395996,
        0.32702183723449707,
        -0.17172066867351532
      ],
      [
        0.5930467844009399,
        0.18606030941009521,
        0.7833755612373352,
        0.10503074526786804
      ],
      [
        0.0,
        0.0,
        0.0,
        1.0
      ]
    ],
    [
      [
        0.21855223178863525,
        0.8767842650413513,
        -0.42835062742233276,
        0.1095845103263855
      ],
      [
        -0.9284660220146179,
        0.32193028926849365,
        0.18523401021957397,
        -0.16255061328411102
      ],
      [
        0.30030930042266846,
        0.3572257161140442,
        0.884423017501831,
        0.08516739308834076
      ],
      [
        0.0,
        0.0,
        0.0,
        1.0
      ]
    ],
    [
      [
        0.6188958883285522,
        0.7275328636169434,
        -0.2960803508758545,
        0.05908014252781868
      ],
      [
        -0.5410058498382568,
        0.6681094169616699,
        0.5108251571655273,
        -0.21853458881378174
      ],
      [
        0.5694562196731567,
        -0.15596644580364227,
        0.8070898056030273,
        0.08549010008573532
      ],
      [
        0.0,
        0.0,
        0.0,
        1.0
      ]
    ],
    [
      [
        0.6022935509681702,
        0.7744045853614807,
        0.19375289976596832,
        -0.0859416201710701
      ],
      [
        -0.7760090231895447,
        0.6249117255210876,
        -0.0854143351316452,
        -0.14587625861167908
      ],
      [
        -0.18722368776798248,
        -0.09890946745872498,
        0.9773250818252563,
        0.039667241275310516
      ],
      [
        0.0,
        0.0,
        0.0,
        1.0
      ]
    ],
    [
      [
        0.41814732551574707,
        0.8777078986167908,
        -0.23405463993549347,
        0.07007712125778198
      ],
      [
        -0.9011673331260681,
        0.43322432041168213,
        0.014627605676651001,
        -0.055718034505844116
      ],
      [
        0.11423693597316742,
        0.20480592548847198,
        0.972113311290741,
        0.0516502782702446
      ],
      [
        0.0,
        0.0,
        0.0,
        1.0
      ]
    ],
    [
      [
        0.9577239751815796,
        0.2172485589981079,
        -0.1885952204465866,
        0.04114997386932373
      ],
      [
        -0.2160024642944336,
        0.9760086536407471,
        0.027390576899051666,
        -0.07732529938220978
      ],
      [
        0.1900211125612259,
        0.01450442150235176,
        0.981673002243042,
        0.01760348118841648
      ],
      [
        0.0,
        0.0,
        0.0,
        1.0
      ]
    ],
    [
      [
        0.9991368055343628,
        0.025731172412633896,
        0.03261064738035202,
        0.006447940599173307
      ],
      [
        -0.02277437597513199,
        0.9958595633506775,
        -0.08800555765628815,
        -0.019593598321080208
      ],
      [
        -0.03474011272192001,
        0.08718690276145935,
        0.9955859780311584,
        0.004664799198508263
      ],
      [
        0.0,
        0.0,
        0.0,
        1.0
      ]
    ]
  ]
}