{
  "description": "Robot end-effector poses in robot base frame",
  "data_type": "INPUT - Known from robot",
  "coordinate_frame": "robot_base",
  "format": "4x4 homogeneous transformation matrices",
  "count": 15,
  "usage": "Input A for hand-eye calibration: AX = sXB",
  "poses": [
    [
      [
        0.6696946620941162,
        0.44680526852607727,
        0.5931897759437561,
        -0.1657399982213974
      ],
      [
        0.40967243909835815,
        -0.8884992003440857,
        0.2067309021949768,
        -0.2680000066757202
      ],
      [
        0.6194170713424683,
        0.10456692427396774,
        -0.7780669927597046,
        0.5065000057220459
      ],
      [
        0.0,
        0.0,
        0.0,
        1.0
      ]
    ],
    [
      [
        0.5287911891937256,
        -0.4698745310306549,
        0.7068223357200623,
        -0.2111700028181076
      ],
      [
        -0.8146278262138367,
        -0.514735221862793,
        0.26726242899894714,
        -0.12188000231981277
      ],
      [
        0.23824653029441833,
        -0.7171231508255005,
        -0.6549602746963501,
        0.4112499952316284
      ],
      [
        0.0,
        0.0,
        0.0,
        1.0
      ]
    ],
    [
      [
        0.85373854637146,
        0.22787447273731232,
        0.4681920111179352,
        -0.0007399999885819852
      ],
      [
        -0.0753837525844574,
        -0.8355923891067505,
        0.5441531538963318,
        -0.4934200048446655
      ],
      [
        0.5152162909507751,
        -0.4998585879802704,
        -0.696199357509613,
        0.42816999554634094
      ],
      [
        0.0,
        0.0,
        0.0,
        1.0
      ]
    ],
    [
      [
        0.6693226099014282,
        -0.5264227390289307,
        0.5242960453033447,
        -0.11100000143051147
      ],
      [
        -0.4910951554775238,
        -0.8430020809173584,
        -0.2194836139678955,
        0.26339998841285706
      ],
      [
        0.5575238466262817,
        -0.1105739027261734,
        -0.822763979434967,
        0.48500001430511475
      ],
      [
        0.0,
        0.0,
        0.0,
        1.0
      ]
    ],
    [
      [
        0.6693226099014282,
        -0.5264227390289307,
        0.5242960453033447,
        -0.061000000685453415
      ],
      [
        -0.4910951554775238,
        -0.8430020809173584,
        -0.2194836139678955,
        0.26339998841285706
      ],
      [
        0.5575238466262817,
        -0.1105739027261734,
        -0.822763979434967,
        0.48500001430511475
      ],
      [
        0.0,
        0.0,
        0.0,
        1.0
      ]
    ],
    [
      [
        0.6693226099014282,
        -0.5264227390289307,
        0.5242960453033447,
        -0.010999999940395355
      ],
      [
        -0.4910951554775238,
        -0.8430020809173584,
        -0.2194836139678955,
        0.26339998841285706
      ],
      [
        0.5575238466262817,
        -0.1105739027261734,
        -0.822763979434967,
        0.48500001430511475
      ],
      [
        0.0,
        0.0,
        0.0,
        1.0
      ]
    ],
    [
      [
        0.4961181879043579,
        -0.3441753685474396,
        0.7971261143684387,
        -0.06843999773263931
      ],
      [
        -0.4146873950958252,
        -0.9005249738693237,
        -0.13072530925273895,
        0.09013999998569489
      ],
      [
        0.7628244161605835,
        -0.2657029628753662,
        -0.5894920229911804,
        0.6903799772262573
      ],
      [
        0.0,
        0.0,
        0.0,
        1.0
      ]
    ],
    [
      [
        0.8503029346466064,
        -0.29025790095329285,
        0.4390162527561188,
        -0.0010100000072270632
      ],
      [
        0.07197927683591843,
        -0.7621906399726868,
        -0.6433385014533997,
        0.49277999997138977
      ],
      [
        0.5213481187820435,
        0.578632652759552,
        -0.6272003650665283,
        0.4295800030231476
      ],
      [
        0.0,
        0.0,
        0.0,
        1.0
      ]
    ],
    [
      [
        0.7516424059867859,
        0.5097634792327881,
        0.41853901743888855,
        0.15807999670505524
      ],
      [
        0.31201955676078796,
        -0.8338813185691833,
        0.4552864134311676,
        -0.4366999864578247
      ],
      [
        0.5811002850532532,
        -0.21162021160125732,
        -0.7858367562294006,
        0.48860999941825867
      ],
      [
        0.0,
        0.0,
        0.0,
        1.0
      ]
    ],
    [
      [
        0.5108397006988525,
        0.6866642236709595,
        0.5172379016876221,
        0.18866999447345734
      ],
      [
        0.6566269993782043,
        -0.6999997496604919,
        0.28078693151474,
        -0.2501400113105774
      ],
      [
        0.5548727512359619,
        0.19619527459144592,
        -0.8084699511528015,
        0.5365700125694275
      ],
      [
        0.0,
        0.0,
        0.0,
        1.0
      ]
    ],
    [
      [
        0.9411575794219971,
        0.3043053150177002,
        0.14703960716724396,
        0.38655000925064087
      ],
      [
        0.2519006133079529,
        -0.9216662049293518,
        0.2950889468193054,
        -0.20461000502109528
      ],
      [
        0.22531858086585999,
        -0.2406858503818512,
        -0.9440878629684448,
        0.6544600129127502
      ],
      [
        0.0,
        0.0,
        0.0,
        1.0
      ]
    ],
    [
      [
        0.8918670415878296,
        0.08188202232122421,
        0.4448241591453552,
        0.2927500009536743
      ],
      [
        0.3141021728515625,
        -0.819770336151123,
        -0.4788699150085449,
        0.3614700138568878
      ],
      [
        0.3254428207874298,
        0.5668085217475891,
        -0.7568454742431641,
        0.6689800024032593
      ],
      [
        0.0,
        0.0,
        0.0,
        1.0
      ]
    ],
    [
      [
        0.6451104283332825,
        0.3992689549922943,
        0.651472806930542,
        -0.031050000339746475
      ],
      [
        0.5665251016616821,
        -0.8220584988594055,
        -0.05717628449201584,
        0.023110000416636467
      ],
      [
        0.5127200484275818,
        0.40596070885658264,
        -0.7565143704414368,
        0.4360400140285492
      ],
      [
        0.0,
        0.0,
        0.0,
        1.0
      ]
    ],
    [
      [
        0.7854921817779541,
        -0.27499082684516907,
        0.5544204711914062,
        0.0047900001518428326
      ],
      [
        -0.286184161901474,
        -0.9557177424430847,
        -0.06857282668352127,
        0.08197999745607376
      ],
      [
        0.5487263798713684,
        -0.1048029288649559,
        -0.8294068574905396,
        0.5542500019073486
      ],
      [
        0.0,
        0.0,
        0.0,
        1.0
      ]
    ],
    [
      [
        0.6217170357704163,
        -0.5541948676109314,
        0.5534762740135193,
        -0.06853999942541122
      ],
      [
        -0.4519617557525635,
        -0.8309736251831055,
        -0.32436618208885193,
        0.2639099955558777
      ],
      [
        0.6396862268447876,
        -0.048486143350601196,
        -0.7671053409576416,
        0.4830299913883209
      ],
      [
        0.0,
        0.0,
        0.0,
        1.0
      ]
    ]
  ]
}