{
  "description": "Camera poses in robot base frame (with correct scale)",
  "data_type": "GROUND TRUTH - For verification",
  "source": "DUST3R + scale optimization",
  "coordinate_frame": "robot_base",
  "format": "4x4 homogeneous transformation matrices",
  "count": 15,
  "usage": "Verify calibration by comparing: camera_poses_scaled vs robot_poses @ X",
  "poses": [
    [
      [
        0.5516918897628784,
        -0.6176722645759583,
        0.5591067671775818,
        -0.07783256471157074
      ],
      [
        -0.827586829662323,
        -0.4830496907234192,
        0.28354084491729736,
        -0.2706066966056824
      ],
      [
        0.09512642025947571,
        -0.6198163032531738,
        -0.7777455449104309,
        0.4050840139389038
      ],
      [
        0.0,
        0.0,
        0.0,
        1.0
      ]
    ],
    [
      [
        -0.4201691150665283,
        -0.5500683784484863,
        0.720670223236084,
        -0.12016311287879944
      ],
      [
        -0.5706828832626343,
        0.7776211500167847,
        0.26126304268836975,
        -0.09733222424983978
      ],
      [
        -0.7047614455223083,
        -0.30179452896118164,
        -0.640578031539917,
        0.32200199365615845
      ],
      [
        0.0,
        0.0,
        0.0,
        1.0
      ]
    ],
    [
      [
        0.2878551185131073,
        -0.8178839683532715,
        0.49667757749557495,
        0.05190856754779816
      ],
      [
        -0.8457738161087036,
        0.024808140471577644,
        0.5316799879074097,
        -0.4147740602493286
      ],
      [
        -0.44738805294036865,
        -0.5737987160682678,
        -0.6846225261688232,
        0.3194572925567627
      ],
      [
        0.0,
        0.0,
        0.0,
        1.0
      ]
    ],
    [
      [
        -0.454418420791626,
        -0.7124906778335571,
        0.5332391858100891,
        -0.038437873125076294
      ],
      [
        -0.8869471549987793,
        0.41305068135261536,
        -0.20333710312843323,
        0.24191121757030487
      ],
      [
        -0.07577214390039444,
        -0.5659157037734985,
        -0.819821298122406,
        0.3772149980068207
      ],
      [
        0.0,
        0.0,
        0.0,
        1.0
      ]
    ],
    [
      [
        -0.45797544717788696,
        -0.7197375297546387,
        0.5203071236610413,
        0.016928233206272125
      ],
      [
        -0.8848563432693481,
        0.42119017243385315,
        -0.1956019550561905,
        0.23806644976139069
      ],
      [
        -0.07876218110322952,
        -0.5505331158638,
        -0.8299510478973389,
        0.38744470477104187
      ],
      [
        0.0,
        0.0,
        0.0,
        1.0
      ]
    ],
    [
      [
        -0.4506407082080841,
        -0.7156648635864258,
        0.5321933031082153,
        0.06257551908493042
      ],
      [
        -0.8878350853919983,
        0.4177190363407135,
        -0.18945129215717316,
        0.23748360574245453
      ],
      [
        -0.08712071925401688,
        -0.5584320425987244,
        -0.8238158226013184,
        0.38828086853027344
      ],
      [
        0.0,
        0.0,
        0.0,
        1.0
      ]
    ],
    [
      [
        -0.2901677191257477,
        -0.4709552526473999,
        0.8321579694747925,
        0.10148502886295319
      ],
      [
        -0.9263477325439453,
        0.35442760586738586,
        -0.12203653156757355,
        0.05639563500881195
      ],
      [
        -0.23786665499210358,
        -0.8068517446517944,
        -0.5389976501464844,
        0.555343508720398
      ],
      [
        0.0,
        0.0,
        0.0,
        1.0
      ]
    ],
    [
      [
        -0.17717048525810242,
        -0.8460001349449158,
        0.5013759136199951,
        0.04239612817764282
      ],
      [
        -0.792163074016571,
        -0.17949019372463226,
        -0.5821452736854553,
        0.4094482362270355
      ],
      [
        0.5825690031051636,
        -0.5009943246841431,
        -0.63853520154953,
        0.35575228929519653
      ],
      [
        0.0,
        0.0,
        0.0,
        1.0
      ]
    ],
    [
      [
        0.5619821548461914,
        -0.6993787288665771,
        0.4399191737174988,
        0.2061033695936203
      ],
      [
        -0.8131962418556213,
        -0.3748173713684082,
        0.44368481636047363,
        -0.37281835079193115
      ],
      [
        -0.14534121751785278,
        -0.6077800989151001,
        -0.7794797420501709,
        0.3764389157295227
      ],
      [
        0.0,
        0.0,
        0.0,
        1.0
      ]
    ],
    [
      [
        0.7164136171340942,
        -0.4285229444503784,
        0.5491836071014404,
        0.23683354258537292
      ],
      [
        -0.639491617679596,
        -0.7167819142341614,
        0.27551084756851196,
        -0.20953889191150665
      ],
      [
        0.27596572041511536,
        -0.5491676926612854,
        -0.7876336574554443,
        0.4167959690093994
      ],
      [
        0.0,
        0.0,
        0.0,
        1.0
      ]
    ],
    [
      [
        0.4101715385913849,
        -0.8846267461776733,
        0.21835249662399292,
        0.39174261689186096
      ],
      [
        -0.8888955116271973,
        -0.3362700343132019,
        0.3089001178741455,
        -0.15612293779850006
      ],
      [
        -0.1998746395111084,
        -0.32143205404281616,
        -0.9245758056640625,
        0.5071239471435547
      ],
      [
        0.0,
        0.0,
        0.0,
        1.0
      ]
    ],
    [
      [
        0.16805320978164673,
        -0.8443718552589417,
        0.507225513458252,
        0.366502046585083
      ],
      [
        -0.8167911767959595,
        -0.4073588252067566,
        -0.40687018632888794,
        0.26092755794525146
      ],
      [
        0.5504010319709778,
        -0.3465629518032074,
        -0.7583284378051758,
        0.525006890296936
      ],
      [
        0.0,
        0.0,
        0.0,
        1.0
      ]
    ],
    [
      [
        0.5046460628509521,
        -0.5904955267906189,
        0.6285940408706665,
        0.04977837949991226
      ],
      [
        -0.7670397758483887,
        -0.6403626799583435,
        0.014755740761756897,
        0.004223495721817017
      ],
      [
        0.3941355347633362,
        -0.49022960662841797,
        -0.7761706709861755,
        0.338858962059021
      ],
      [
        0.0,
        0.0,
        0.0,
        1.0
      ]
    ],
    [
      [
        -0.17958994209766388,
        -0.7753362059593201,
        0.6042223572731018,
        0.07373609393835068
      ],
      [
        -0.9770507216453552,
        0.2085937261581421,
        -0.022202342748641968,
        0.06294384598731995
      ],
      [
        -0.10911395400762558,
        -0.5949799418449402,
        -0.7951115369796753,
        0.4443979263305664
      ],
      [
        0.0,
        0.0,
        0.0,
        1.0
      ]
    ],
    [
      [
        -0.45705538988113403,
        -0.6624218225479126,
        0.5922674536705017,
        -0.005247008055448532
      ],
      [
        -0.8878029584884644,
        0.3716845214366913,
        -0.26886528730392456,
        0.20521427690982819
      ],
      [
        -0.0424124151468277,
        -0.6492875814437866,
        -0.7581133842468262,
        0.39465591311454773
      ],
      [
        0.0,
        0.0,
        0.0,
        1.0
      ]
    ]
  ]
}